Find 641 languages in Github
drawing Python at 0 0
=====================
0 0 0 0 0 0
0 0 0 0 0 1
0 0 0 0 0 2
0 0 0 0 0 3
0 0 0 0 0 4
0 0 0 0 0 5
0 0 0 0 0 6
0 0 0 0 0 7
0 0 0 0 0 8
0 0 0 0 0 9
0 0 0 0 0 10
0 0 0 0 0 11
0 0 0 0 0 12
0 0 0 0 0 13
0 0 0 0 0 14
0 0 0 0 0 15
0 0 0 0 0 16
0 0 0 0 0 17
0 0 0 0 0 18
0 0 0 0 0 19
0 0 0 0 0 20
0 0 0 0 0 21
0 0 0 0 0 22
0 0 0 0 0 23
0 0 0 0 0 24
0 0 0 0 0 25
0 0 0 0 0 26
0 0 0 0 0 27
0 0 0 0 0 28
0 0 0 0 0 29
0 0 0 0 0 30
0 0 0 0 0 31
0 0 0 0 0 32
0 0 0 0 0 33
0 0 0 0 0 34
0 0 0 0 0 35
0 0 0 0 0 36
0 0 0 0 0 37
0 0 0 0 0 38
0 0 0 0 0 39
0 0 0 0 0 40
0 0 0 0 0 41
0 0 0 0 0 42
0 0 0 0 0 43
0 0 0 0 0 44
0 0 0 0 1 0
0 0 0 0 1 1
0 0 0 0 1 2
0 0 0 0 1 3
0 0 0 0 1 4
0 0 0 0 1 5
0 0 0 0 1 6
0 0 0 0 1 7
0 0 0 0 1 8
0 0 0 0 1 9
0 0 0 0 1 10
0 0 0 0 1 11
0 0 0 0 1 12
0 0 0 0 1 13
0 0 0 0 1 14
0 0 0 0 1 15
0 0 0 0 1 16
0 0 0 0 1 17
0 0 0 0 1 18
0 0 0 0 1 19
0 0 0 0 1 20
0 0 0 0 1 21
0 0 0 0 1 22
0 0 0 0 1 23
0 0 0 0 1 24
0 0 0 0 1 25
0 0 0 0 1 26
0 0 0 0 1 27
0 0 0 0 1 28
0 0 0 0 1 29
0 0 0 0 1 30
0 0 0 0 1 31
0 0 0 0 1 32
0 0 0 0 1 33
0 0 0 0 1 34
0 0 0 0 1 35
0 0 0 0 1 36
0 0 0 0 1 37
0 0 0 0 1 38
0 0 0 0 1 39
0 0 0 0 1 40
0 0 0 0 1 41
0 0 0 0 1 42
0 0 0 0 1 43
0 0 0 0 1 44
0 0 0 0 2 0
0 0 0 0 2 1
0 0 0 0 2 2
0 0 0 0 2 3
0 0 0 0 2 4
0 0 0 0 2 5
0 0 0 0 2 6
0 0 0 0 2 7
0 0 0 0 2 8
0 0 0 0 2 9
0 0 0 0 2 10
0 0 0 0 2 11
0 0 0 0 2 12
0 0 0 0 2 13
0 0 0 0 2 14
0 0 0 0 2 15
0 0 0 0 2 16
0 0 0 0 2 17
0 0 0 0 2 18
0 0 0 0 2 19
0 0 0 0 2 20
0 0 0 0 2 21
0 0 0 0 2 22
0 0 0 0 2 23
0 0 0 0 2 24
0 0 0 0 2 25
0 0 0 0 2 26
0 0 0 0 2 27
0 0 0 0 2 28
0 0 0 0 2 29
0 0 0 0 2 30
0 0 0 0 2 31
0 0 0 0 2 32
0 0 0 0 2 33
0 0 0 0 2 34
0 0 0 0 2 35
0 0 0 0 2 36
0 0 0 0 2 37
0 0 0 0 2 38
0 0 0 0 2 39
0 0 0 0 2 40
0 0 0 0 2 41
0 0 0 0 2 42
0 0 0 0 2 43
0 0 0 0 2 44
0 0 0 0 3 0
0 0 0 0 3 1
0 0 0 0 3 2
0 0 0 0 3 3
0 0 0 0 3 4
0 0 0 0 3 5
0 0 0 0 3 6
0 0 0 0 3 7
0 0 0 0 3 8
0 0 0 0 3 9
0 0 0 0 3 10
0 0 0 0 3 11
0 0 0 0 3 12
0 0 0 0 3 13
0 0 0 0 3 14
0 0 0 0 3 15
0 0 0 0 3 16
0 0 0 0 3 17
0 0 0 0 3 18
0 0 0 0 3 19
0 0 0 0 3 20
0 0 0 0 3 21
0 0 0 0 3 22
0 0 0 0 3 23
0 0 0 0 3 24
0 0 0 0 3 25
0 0 0 0 3 26
0 0 0 0 3 27
0 0 0 0 3 28
0 0 0 0 3 29
0 0 0 0 3 30
0 0 0 0 3 31
0 0 0 0 3 32
0 0 0 0 3 33
0 0 0 0 3 34
0 0 0 0 3 35
0 0 0 0 3 36
0 0 0 0 3 37
0 0 0 0 3 38
0 0 0 0 3 39
0 0 0 0 3 40
0 0 0 0 3 41
0 0 0 0 3 42
0 0 0 0 3 43
0 0 0 0 3 44
0 0 0 0 4 0
0 0 0 0 4 1
0 0 0 0 4 2
0 0 0 0 4 3
0 0 0 0 4 4
0 0 0 0 4 5
0 0 0 0 4 6
0 0 0 0 4 7
0 0 0 0 4 8
0 0 0 0 4 9
0 0 0 0 4 10
0 0 0 0 4 11
0 0 0 0 4 12
0 0 0 0 4 13
0 0 0 0 4 14
0 0 0 0 4 15
0 0 0 0 4 16
0 0 0 0 4 17
0 0 0 0 4 18
0 0 0 0 4 19
0 0 0 0 4 20
0 0 0 0 4 21
0 0 0 0 4 22
0 0 0 0 4 23
0 0 0 0 4 24
0 0 0 0 4 25
0 0 0 0 4 26
0 0 0 0 4 27
0 0 0 0 4 28
0 0 0 0 4 29
0 0 0 0 4 30
0 0 0 0 4 31
0 0 0 0 4 32
0 0 0 0 4 33
0 0 0 0 4 34
0 0 0 0 4 35
0 0 0 0 4 36
0 0 0 0 4 37
0 0 0 0 4 38
0 0 0 0 4 39
0 0 0 0 4 40
0 0 0 0 4 41
0 0 0 0 4 42
0 0 0 0 4 43
0 0 0 0 4 44
0 0 0 0 5 0
0 0 0 0 5 1
0 0 0 0 5 2
0 0 0 0 5 3
0 0 0 0 5 4
0 0 0 0 5 5
0 0 0 0 5 6
0 0 0 0 5 7
0 0 0 0 5 8
0 0 0 0 5 9
0 0 0 0 5 10
0 0 0 0 5 11
0 0 0 0 5 12
0 0 0 0 5 13
0 0 0 0 5 14
0 0 0 0 5 15
0 0 0 0 5 16
0 0 0 0 5 17
0 0 0 0 5 18
0 0 0 0 5 19
0 0 0 0 5 20
0 0 0 0 5 21
0 0 0 0 5 22
0 0 0 0 5 23
0 0 0 0 5 24
0 0 0 0 5 25
0 0 0 0 5 26
0 0 0 0 5 27
0 0 0 0 5 28
0 0 0 0 5 29
0 0 0 0 5 30
0 0 0 0 5 31
0 0 0 0 5 32
0 0 0 0 5 33
0 0 0 0 5 34
0 0 0 0 5 35
0 0 0 0 5 36
0 0 0 0 5 37
0 0 0 0 5 38
0 0 0 0 5 39
0 0 0 0 5 40
0 0 0 0 5 41
0 0 0 0 5 42
0 0 0 0 5 43
0 0 0 0 5 44
0 0 0 0 6 0
0 0 0 0 6 1
0 0 0 0 6 2
0 0 0 0 6 3
0 0 0 0 6 4
0 0 0 0 6 5
0 0 0 0 6 6
0 0 0 0 6 7
0 0 0 0 6 8
0 0 0 0 6 9
0 0 0 0 6 10
0 0 0 0 6 11
0 0 0 0 6 12
0 0 0 0 6 13
0 0 0 0 6 14
0 0 0 0 6 15
0 0 0 0 6 16
0 0 0 0 6 17
0 0 0 0 6 18
0 0 0 0 6 19
0 0 0 0 6 20
0 0 0 0 6 24
0 0 0 0 6 25
0 0 0 0 6 26
0 0 0 0 6 27
0 0 0 0 6 28
0 0 0 0 6 29
0 0 0 0 6 30
0 0 0 0 6 31
0 0 0 0 6 32
0 0 0 0 6 33
0 0 0 0 6 34
0 0 0 0 6 35
0 0 0 0 6 36
0 0 0 0 6 37
0 0 0 0 6 38
0 0 0 0 6 39
0 0 0 0 6 40
0 0 0 0 6 41
0 0 0 0 6 42
0 0 0 0 6 43
0 0 0 0 6 44
0 0 0 0 7 0
0 0 0 0 7 1
0 0 0 0 7 2
0 0 0 0 7 3
0 0 0 0 7 4
0 0 0 0 7 5
0 0 0 0 7 6
0 0 0 0 7 7
0 0 0 0 7 8
0 0 0 0 7 9
0 0 0 0 7 10
0 0 0 0 7 11
0 0 0 0 7 12
0 0 0 0 7 13
0 0 0 0 7 14
0 0 0 0 7 15
0 0 0 0 7 16
0 0 0 0 7 28
0 0 0 0 7 29
0 0 0 0 7 30
0 0 0 0 7 31
0 0 0 0 7 32
0 0 0 0 7 33
0 0 0 0 7 34
0 0 0 0 7 35
0 0 0 0 7 36
0 0 0 0 7 37
0 0 0 0 7 38
0 0 0 0 7 39
0 0 0 0 7 40
0 0 0 0 7 41
0 0 0 0 7 42
0 0 0 0 7 43
0 0 0 0 7 44
0 0 0 0 8 0
0 0 0 0 8 1
0 0 0 0 8 2
0 0 0 0 8 3
0 0 0 0 8 4
0 0 0 0 8 5
0 0 0 0 8 6
0 0 0 0 8 7
0 0 0 0 8 8
0 0 0 0 8 9
0 0 0 0 8 10
0 0 0 0 8 11
0 0 0 0 8 12
0 0 0 0 8 13
0 0 0 0 8 14
0 0 0 0 8 15
0 0 0 0 8 29
0 0 0 0 8 30
0 0 0 0 8 31
0 0 0 0 8 32
0 0 0 0 8 33
0 0 0 0 8 34
0 0 0 0 8 35
0 0 0 0 8 36
0 0 0 0 8 37
0 0 0 0 8 38
0 0 0 0 8 39
0 0 0 0 8 40
0 0 0 0 8 41
0 0 0 0 8 42
0 0 0 0 8 43
0 0 0 0 8 44
0 0 0 0 9 0
0 0 0 0 9 1
0 0 0 0 9 2
0 0 0 0 9 3
0 0 0 0 9 4
0 0 0 0 9 5
0 0 0 0 9 6
0 0 0 0 9 7
0 0 0 0 9 8
0 0 0 0 9 9
0 0 0 0 9 10
0 0 0 0 9 11
0 0 0 0 9 12
0 0 0 0 9 13
0 0 0 0 9 14
0 0 0 0 9 30
0 0 0 0 9 31
0 0 0 0 9 32
0 0 0 0 9 33
0 0 0 0 9 34
0 0 0 0 9 35
0 0 0 0 9 36
0 0 0 0 9 37
0 0 0 0 9 38
0 0 0 0 9 39
0 0 0 0 9 40
0 0 0 0 9 41
0 0 0 0 9 42
0 0 0 0 9 43
0 0 0 0 9 44
0 0 0 0 10 0
0 0 0 0 10 1
0 0 0 0 10 2
0 0 0 0 10 3
0 0 0 0 10 4
0 0 0 0 10 5
0 0 0 0 10 6
0 0 0 0 10 7
0 0 0 0 10 8
0 0 0 0 10 9
0 0 0 0 10 10
0 0 0 0 10 11
0 0 0 0 10 12
0 0 0 0 10 13
0 0 0 0 10 30
0 0 0 0 10 31
0 0 0 0 10 32
0 0 0 0 10 33
0 0 0 0 10 34
0 0 0 0 10 35
0 0 0 0 10 36
0 0 0 0 10 37
0 0 0 0 10 38
0 0 0 0 10 39
0 0 0 0 10 40
0 0 0 0 10 41
0 0 0 0 10 42
0 0 0 0 10 43
0 0 0 0 10 44
0 0 0 0 11 0
0 0 0 0 11 1
0 0 0 0 11 2
0 0 0 0 11 3
0 0 0 0 11 4
0 0 0 0 11 5
0 0 0 0 11 6
0 0 0 0 11 7
0 0 0 0 11 8
0 0 0 0 11 9
0 0 0 0 11 10
0 0 0 0 11 11
0 0 0 0 11 12
0 0 0 0 11 13
0 0 0 0 11 30
0 0 0 0 11 31
0 0 0 0 11 32
0 0 0 0 11 33
0 0 0 0 11 34
0 0 0 0 11 35
0 0 0 0 11 36
0 0 0 0 11 37
0 0 0 0 11 38
0 0 0 0 11 39
0 0 0 0 11 40
0 0 0 0 11 41
0 0 0 0 11 42
0 0 0 0 11 43
0 0 0 0 11 44
0 0 0 0 12 0
0 0 0 0 12 1
0 0 0 0 12 2
0 0 0 0 12 3
0 0 0 0 12 4
0 0 0 0 12 5
0 0 0 0 12 6
0 0 0 0 12 7
0 0 0 0 12 8
0 0 0 0 12 9
0 0 0 0 12 10
0 0 0 0 12 11
0 0 0 0 12 12
0 0 0 0 12 13
0 0 0 0 12 30
0 0 0 0 12 31
0 0 0 0 12 32
0 0 0 0 12 33
0 0 0 0 12 34
0 0 0 0 12 35
0 0 0 0 12 36
0 0 0 0 12 37
0 0 0 0 12 38
0 0 0 0 12 39
0 0 0 0 12 40
0 0 0 0 12 41
0 0 0 0 12 42
0 0 0 0 12 43
0 0 0 0 12 44
0 0 0 0 13 0
0 0 0 0 13 1
0 0 0 0 13 2
0 0 0 0 13 3
0 0 0 0 13 4
0 0 0 0 13 5
0 0 0 0 13 6
0 0 0 0 13 7
0 0 0 0 13 8
0 0 0 0 13 9
0 0 0 0 13 10
0 0 0 0 13 11
0 0 0 0 13 12
0 0 0 0 13 13
0 0 0 0 13 30
0 0 0 0 13 31
0 0 0 0 13 32
0 0 0 0 13 33
0 0 0 0 13 34
0 0 0 0 13 35
0 0 0 0 13 36
0 0 0 0 13 37
0 0 0 0 13 38
0 0 0 0 13 39
0 0 0 0 13 40
0 0 0 0 13 41
0 0 0 0 13 42
0 0 0 0 13 43
0 0 0 0 13 44
0 0 0 0 14 0
0 0 0 0 14 1
0 0 0 0 14 2
0 0 0 0 14 3
0 0 0 0 14 4
0 0 0 0 14 5
0 0 0 0 14 6
0 0 0 0 14 7
0 0 0 0 14 8
0 0 0 0 14 35
0 0 0 0 14 36
0 0 0 0 14 37
0 0 0 0 14 38
0 0 0 0 14 39
0 0 0 0 14 40
0 0 0 0 14 41
0 0 0 0 14 42
0 0 0 0 14 43
0 0 0 0 14 44
0 0 0 0 15 0
0 0 0 0 15 1
0 0 0 0 15 2
0 0 0 0 15 3
0 0 0 0 15 4
0 0 0 0 15 5
0 0 0 0 15 6
0 0 0 0 15 7
0 0 0 0 15 36
0 0 0 0 15 37
0 0 0 0 15 38
0 0 0 0 15 39
0 0 0 0 15 40
0 0 0 0 15 41
0 0 0 0 15 42
0 0 0 0 15 43
0 0 0 0 15 44
0 0 0 0 16 0
0 0 0 0 16 1
0 0 0 0 16 2
0 0 0 0 16 3
0 0 0 0 16 4
0 0 0 0 16 5
0 0 0 0 16 6
0 0 0 0 16 37
0 0 0 0 16 38
0 0 0 0 16 39
0 0 0 0 16 40
0 0 0 0 16 41
0 0 0 0 16 42
0 0 0 0 16 43
0 0 0 0 16 44
0 0 0 0 17 0
0 0 0 0 17 1
0 0 0 0 17 2
0 0 0 0 17 3
0 0 0 0 17 4
0 0 0 0 17 5
0 0 0 0 17 6
0 0 0 0 17 38
0 0 0 0 17 39
0 0 0 0 17 40
0 0 0 0 17 41
0 0 0 0 17 42
0 0 0 0 17 43
0 0 0 0 17 44
0 0 0 0 18 0
0 0 0 0 18 1
0 0 0 0 18 2
0 0 0 0 18 3
0 0 0 0 18 4
0 0 0 0 18 5
0 0 0 0 18 6
0 0 0 0 18 38
0 0 0 0 18 39
0 0 0 0 18 40
0 0 0 0 18 41
0 0 0 0 18 42
0 0 0 0 18 43
0 0 0 0 18 44
0 0 0 0 19 0
0 0 0 0 19 1
0 0 0 0 19 2
0 0 0 0 19 3
0 0 0 0 19 4
0 0 0 0 19 5
0 0 0 0 19 6
0 0 0 0 19 38
0 0 0 0 19 39
0 0 0 0 19 40
0 0 0 0 19 41
0 0 0 0 19 42
0 0 0 0 19 43
0 0 0 0 19 44
0 0 0 0 20 0
0 0 0 0 20 1
0 0 0 0 20 2
0 0 0 0 20 3
0 0 0 0 20 4
0 0 0 0 20 5
0 0 0 0 20 38
0 0 0 0 20 39
0 0 0 0 20 40
0 0 0 0 20 41
0 0 0 0 20 42
0 0 0 0 20 43
0 0 0 0 20 44
0 0 0 0 21 0
0 0 0 0 21 1
0 0 0 0 21 2
0 0 0 0 21 3
0 0 0 0 21 4
0 0 0 0 21 5
0 0 0 0 21 38
0 0 0 0 21 39
0 0 0 0 21 40
0 0 0 0 21 41
0 0 0 0 21 42
0 0 0 0 21 43
0 0 0 0 21 44
0 0 0 0 22 0
0 0 0 0 22 1
0 0 0 0 22 2
0 0 0 0 22 3
0 0 0 0 22 4
0 0 0 0 22 5
0 0 0 0 22 38
0 0 0 0 22 39
0 0 0 0 22 40
0 0 0 0 22 41
0 0 0 0 22 42
0 0 0 0 22 43
0 0 0 0 22 44
0 0 0 0 23 0
0 0 0 0 23 1
0 0 0 0 23 2
0 0 0 0 23 3
0 0 0 0 23 4
0 0 0 0 23 5
0 0 0 0 23 38
0 0 0 0 23 39
0 0 0 0 23 40
0 0 0 0 23 41
0 0 0 0 23 42
0 0 0 0 23 43
0 0 0 0 23 44
0 0 0 0 24 0
0 0 0 0 24 1
0 0 0 0 24 2
0 0 0 0 24 3
0 0 0 0 24 4
0 0 0 0 24 5
0 0 0 0 24 38
0 0 0 0 24 39
0 0 0 0 24 40
0 0 0 0 24 41
0 0 0 0 24 42
0 0 0 0 24 43
0 0 0 0 24 44
0 0 0 0 25 0
0 0 0 0 25 1
0 0 0 0 25 2
0 0 0 0 25 3
0 0 0 0 25 4
0 0 0 0 25 5
0 0 0 0 25 6
0 0 0 0 25 38
0 0 0 0 25 39
0 0 0 0 25 40
0 0 0 0 25 41
0 0 0 0 25 42
0 0 0 0 25 43
0 0 0 0 25 44
0 0 0 0 26 0
0 0 0 0 26 1
0 0 0 0 26 2
0 0 0 0 26 3
0 0 0 0 26 4
0 0 0 0 26 5
0 0 0 0 26 6
0 0 0 0 26 38
0 0 0 0 26 39
0 0 0 0 26 40
0 0 0 0 26 41
0 0 0 0 26 42
0 0 0 0 26 43
0 0 0 0 26 44
0 0 0 0 27 0
0 0 0 0 27 1
0 0 0 0 27 2
0 0 0 0 27 3
0 0 0 0 27 4
0 0 0 0 27 5
0 0 0 0 27 6
0 0 0 0 27 38
0 0 0 0 27 39
0 0 0 0 27 40
0 0 0 0 27 41
0 0 0 0 27 42
0 0 0 0 27 43
0 0 0 0 27 44
0 0 0 0 28 0
0 0 0 0 28 1
0 0 0 0 28 2
0 0 0 0 28 3
0 0 0 0 28 4
0 0 0 0 28 5
0 0 0 0 28 6
0 0 0 0 28 37
0 0 0 0 28 38
0 0 0 0 28 39
0 0 0 0 28 40
0 0 0 0 28 41
0 0 0 0 28 42
0 0 0 0 28 43
0 0 0 0 28 44
0 0 0 0 29 0
0 0 0 0 29 1
0 0 0 0 29 2
0 0 0 0 29 3
0 0 0 0 29 4
0 0 0 0 29 5
0 0 0 0 29 6
0 0 0 0 29 7
0 0 0 0 29 36
0 0 0 0 29 37
0 0 0 0 29 38
0 0 0 0 29 39
0 0 0 0 29 40
0 0 0 0 29 41
0 0 0 0 29 42
0 0 0 0 29 43
0 0 0 0 29 44
0 0 0 0 30 0
0 0 0 0 30 1
0 0 0 0 30 2
0 0 0 0 30 3
0 0 0 0 30 4
0 0 0 0 30 5
0 0 0 0 30 6
0 0 0 0 30 7
0 0 0 0 30 8
0 0 0 0 30 9
0 0 0 0 30 35
0 0 0 0 30 36
0 0 0 0 30 37
0 0 0 0 30 38
0 0 0 0 30 39
0 0 0 0 30 40
0 0 0 0 30 41
0 0 0 0 30 42
0 0 0 0 30 43
0 0 0 0 30 44
0 0 0 0 31 0
0 0 0 0 31 1
0 0 0 0 31 2
0 0 0 0 31 3
0 0 0 0 31 4
0 0 0 0 31 5
0 0 0 0 31 6
0 0 0 0 31 7
0 0 0 0 31 8
0 0 0 0 31 9
0 0 0 0 31 10
0 0 0 0 31 11
0 0 0 0 31 12
0 0 0 0 31 13
0 0 0 0 31 30
0 0 0 0 31 31
0 0 0 0 31 32
0 0 0 0 31 33
0 0 0 0 31 34
0 0 0 0 31 35
0 0 0 0 31 36
0 0 0 0 31 37
0 0 0 0 31 38
0 0 0 0 31 39
0 0 0 0 31 40
0 0 0 0 31 41
0 0 0 0 31 42
0 0 0 0 31 43
0 0 0 0 31 44
0 0 0 0 32 0
0 0 0 0 32 1
0 0 0 0 32 2
0 0 0 0 32 3
0 0 0 0 32 4
0 0 0 0 32 5
0 0 0 0 32 6
0 0 0 0 32 7
0 0 0 0 32 8
0 0 0 0 32 9
0 0 0 0 32 10
0 0 0 0 32 11
0 0 0 0 32 12
0 0 0 0 32 13
0 0 0 0 32 30
0 0 0 0 32 31
0 0 0 0 32 32
0 0 0 0 32 33
0 0 0 0 32 34
0 0 0 0 32 35
0 0 0 0 32 36
0 0 0 0 32 37
0 0 0 0 32 38
0 0 0 0 32 39
0 0 0 0 32 40
0 0 0 0 32 41
0 0 0 0 32 42
0 0 0 0 32 43
0 0 0 0 32 44
0 0 0 0 33 0
0 0 0 0 33 1
0 0 0 0 33 2
0 0 0 0 33 3
0 0 0 0 33 4
0 0 0 0 33 5
0 0 0 0 33 6
0 0 0 0 33 7
0 0 0 0 33 8
0 0 0 0 33 9
0 0 0 0 33 10
0 0 0 0 33 11
0 0 0 0 33 12
0 0 0 0 33 13
0 0 0 0 33 30
0 0 0 0 33 31
0 0 0 0 33 32
0 0 0 0 33 33
0 0 0 0 33 34
0 0 0 0 33 35
0 0 0 0 33 36
0 0 0 0 33 37
0 0 0 0 33 38
0 0 0 0 33 39
0 0 0 0 33 40
0 0 0 0 33 41
0 0 0 0 33 42
0 0 0 0 33 43
0 0 0 0 33 44
0 0 0 0 34 0
0 0 0 0 34 1
0 0 0 0 34 2
0 0 0 0 34 3
0 0 0 0 34 4
0 0 0 0 34 5
0 0 0 0 34 6
0 0 0 0 34 7
0 0 0 0 34 8
0 0 0 0 34 9
0 0 0 0 34 10
0 0 0 0 34 11
0 0 0 0 34 12
0 0 0 0 34 13
0 0 0 0 34 30
0 0 0 0 34 31
0 0 0 0 34 32
0 0 0 0 34 33
0 0 0 0 34 34
0 0 0 0 34 35
0 0 0 0 34 36
0 0 0 0 34 37
0 0 0 0 34 38
0 0 0 0 34 39
0 0 0 0 34 40
0 0 0 0 34 41
0 0 0 0 34 42
0 0 0 0 34 43
0 0 0 0 34 44
0 0 0 0 35 0
0 0 0 0 35 1
0 0 0 0 35 2
0 0 0 0 35 3
0 0 0 0 35 4
0 0 0 0 35 5
0 0 0 0 35 6
0 0 0 0 35 7
0 0 0 0 35 8
0 0 0 0 35 9
0 0 0 0 35 10
0 0 0 0 35 11
0 0 0 0 35 12
0 0 0 0 35 13
0 0 0 0 35 14
0 0 0 0 35 30
0 0 0 0 35 31
0 0 0 0 35 32
0 0 0 0 35 33
0 0 0 0 35 34
0 0 0 0 35 35
0 0 0 0 35 36
0 0 0 0 35 37
0 0 0 0 35 38
0 0 0 0 35 39
0 0 0 0 35 40
0 0 0 0 35 41
0 0 0 0 35 42
0 0 0 0 35 43
0 0 0 0 35 44
0 0 0 0 36 0
0 0 0 0 36 1
0 0 0 0 36 2
0 0 0 0 36 3
0 0 0 0 36 4
0 0 0 0 36 5
0 0 0 0 36 6
0 0 0 0 36 7
0 0 0 0 36 8
0 0 0 0 36 9
0 0 0 0 36 10
0 0 0 0 36 11
0 0 0 0 36 12
0 0 0 0 36 13
0 0 0 0 36 14
0 0 0 0 36 29
0 0 0 0 36 30
0 0 0 0 36 31
0 0 0 0 36 32
0 0 0 0 36 33
0 0 0 0 36 34
0 0 0 0 36 35
0 0 0 0 36 36
0 0 0 0 36 37
0 0 0 0 36 38
0 0 0 0 36 39
0 0 0 0 36 40
0 0 0 0 36 41
0 0 0 0 36 42
0 0 0 0 36 43
0 0 0 0 36 44
0 0 0 0 37 0
0 0 0 0 37 1
0 0 0 0 37 2
0 0 0 0 37 3
0 0 0 0 37 4
0 0 0 0 37 5
0 0 0 0 37 6
0 0 0 0 37 7
0 0 0 0 37 8
0 0 0 0 37 9
0 0 0 0 37 10
0 0 0 0 37 11
0 0 0 0 37 12
0 0 0 0 37 13
0 0 0 0 37 14
0 0 0 0 37 15
0 0 0 0 37 16
0 0 0 0 37 28
0 0 0 0 37 29
0 0 0 0 37 30
0 0 0 0 37 31
0 0 0 0 37 32
0 0 0 0 37 33
0 0 0 0 37 34
0 0 0 0 37 35
0 0 0 0 37 36
0 0 0 0 37 37
0 0 0 0 37 38
0 0 0 0 37 39
0 0 0 0 37 40
0 0 0 0 37 41
0 0 0 0 37 42
0 0 0 0 37 43
0 0 0 0 37 44
0 0 0 0 38 0
0 0 0 0 38 1
0 0 0 0 38 2
0 0 0 0 38 3
0 0 0 0 38 4
0 0 0 0 38 5
0 0 0 0 38 6
0 0 0 0 38 7
0 0 0 0 38 8
0 0 0 0 38 9
0 0 0 0 38 10
0 0 0 0 38 11
0 0 0 0 38 12
0 0 0 0 38 13
0 0 0 0 38 14
0 0 0 0 38 15
0 0 0 0 38 16
0 0 0 0 38 17
0 0 0 0 38 18
0 0 0 0 38 19
0 0 0 0 38 20
0 0 0 0 38 21
0 0 0 0 38 22
0 0 0 0 38 23
0 0 0 0 38 24
0 0 0 0 38 25
0 0 0 0 38 26
0 0 0 0 38 27
0 0 0 0 38 28
0 0 0 0 38 29
0 0 0 0 38 30
0 0 0 0 38 31
0 0 0 0 38 32
0 0 0 0 38 33
0 0 0 0 38 34
0 0 0 0 38 35
0 0 0 0 38 36
0 0 0 0 38 37
0 0 0 0 38 38
0 0 0 0 38 39
0 0 0 0 38 40
0 0 0 0 38 41
0 0 0 0 38 42
0 0 0 0 38 43
0 0 0 0 38 44
0 0 0 0 39 0
0 0 0 0 39 1
0 0 0 0 39 2
0 0 0 0 39 3
0 0 0 0 39 4
0 0 0 0 39 5
0 0 0 0 39 6
0 0 0 0 39 7
0 0 0 0 39 8
0 0 0 0 39 9
0 0 0 0 39 10
0 0 0 0 39 11
0 0 0 0 39 12
0 0 0 0 39 13
0 0 0 0 39 14
0 0 0 0 39 15
0 0 0 0 39 16
0 0 0 0 39 17
0 0 0 0 39 18
0 0 0 0 39 19
0 0 0 0 39 20
0 0 0 0 39 21
0 0 0 0 39 22
0 0 0 0 39 23
0 0 0 0 39 24
0 0 0 0 39 25
0 0 0 0 39 26
0 0 0 0 39 27
0 0 0 0 39 28
0 0 0 0 39 29
0 0 0 0 39 30
0 0 0 0 39 31
0 0 0 0 39 32
0 0 0 0 39 33
0 0 0 0 39 34
0 0 0 0 39 35
0 0 0 0 39 36
0 0 0 0 39 37
0 0 0 0 39 38
0 0 0 0 39 39
0 0 0 0 39 40
0 0 0 0 39 41
0 0 0 0 39 42
0 0 0 0 39 43
0 0 0 0 39 44
0 0 0 0 40 0
0 0 0 0 40 1
0 0 0 0 40 2
0 0 0 0 40 3
0 0 0 0 40 4
0 0 0 0 40 5
0 0 0 0 40 6
0 0 0 0 40 7
0 0 0 0 40 8
0 0 0 0 40 9
0 0 0 0 40 10
0 0 0 0 40 11
0 0 0 0 40 12
0 0 0 0 40 13
0 0 0 0 40 14
0 0 0 0 40 15
0 0 0 0 40 16
0 0 0 0 40 17
0 0 0 0 40 18
0 0 0 0 40 19
0 0 0 0 40 20
0 0 0 0 40 21
0 0 0 0 40 22
0 0 0 0 40 23
0 0 0 0 40 24
0 0 0 0 40 25
0 0 0 0 40 26
0 0 0 0 40 27
0 0 0 0 40 28
0 0 0 0 40 29
0 0 0 0 40 30
0 0 0 0 40 31
0 0 0 0 40 32
0 0 0 0 40 33
0 0 0 0 40 34
0 0 0 0 40 35
0 0 0 0 40 36
0 0 0 0 40 37
0 0 0 0 40 38
0 0 0 0 40 39
0 0 0 0 40 40
0 0 0 0 40 41
0 0 0 0 40 42
0 0 0 0 40 43
0 0 0 0 40 44
0 0 0 0 41 0
0 0 0 0 41 1
0 0 0 0 41 2
0 0 0 0 41 3
0 0 0 0 41 4
0 0 0 0 41 5
0 0 0 0 41 6
0 0 0 0 41 7
0 0 0 0 41 8
0 0 0 0 41 9
0 0 0 0 41 10
0 0 0 0 41 11
0 0 0 0 41 12
0 0 0 0 41 13
0 0 0 0 41 14
0 0 0 0 41 15
0 0 0 0 41 16
0 0 0 0 41 17
0 0 0 0 41 18
0 0 0 0 41 19
0 0 0 0 41 20
0 0 0 0 41 21
0 0 0 0 41 22
0 0 0 0 41 23
0 0 0 0 41 24
0 0 0 0 41 25
0 0 0 0 41 26
0 0 0 0 41 27
0 0 0 0 41 28
0 0 0 0 41 29
0 0 0 0 41 30
0 0 0 0 41 31
0 0 0 0 41 32
0 0 0 0 41 33
0 0 0 0 41 34
0 0 0 0 41 35
0 0 0 0 41 36
0 0 0 0 41 37
0 0 0 0 41 38
0 0 0 0 41 39
0 0 0 0 41 40
0 0 0 0 41 41
0 0 0 0 41 42
0 0 0 0 41 43
0 0 0 0 41 44
0 0 0 0 42 0
0 0 0 0 42 1
0 0 0 0 42 2
0 0 0 0 42 3
0 0 0 0 42 4
0 0 0 0 42 5
0 0 0 0 42 6
0 0 0 0 42 7
0 0 0 0 42 8
0 0 0 0 42 9
0 0 0 0 42 10
0 0 0 0 42 11
0 0 0 0 42 12
0 0 0 0 42 13
0 0 0 0 42 14
0 0 0 0 42 15
0 0 0 0 42 16
0 0 0 0 42 17
0 0 0 0 42 18
0 0 0 0 42 19
0 0 0 0 42 20
0 0 0 0 42 21
0 0 0 0 42 22
0 0 0 0 42 23
0 0 0 0 42 24
0 0 0 0 42 25
0 0 0 0 42 26
0 0 0 0 42 27
0 0 0 0 42 28
0 0 0 0 42 29
0 0 0 0 42 30
0 0 0 0 42 31
0 0 0 0 42 32
0 0 0 0 42 33
0 0 0 0 42 34
0 0 0 0 42 35
0 0 0 0 42 36
0 0 0 0 42 37
0 0 0 0 42 38
0 0 0 0 42 39
0 0 0 0 42 40
0 0 0 0 42 41
0 0 0 0 42 42
0 0 0 0 42 43
0 0 0 0 42 44
0 0 0 0 43 0
0 0 0 0 43 1
0 0 0 0 43 2
0 0 0 0 43 3
0 0 0 0 43 4
0 0 0 0 43 5
0 0 0 0 43 6
0 0 0 0 43 7
0 0 0 0 43 8
0 0 0 0 43 9
0 0 0 0 43 10
0 0 0 0 43 11
0 0 0 0 43 12
0 0 0 0 43 13
0 0 0 0 43 14
0 0 0 0 43 15
0 0 0 0 43 16
0 0 0 0 43 17
0 0 0 0 43 18
0 0 0 0 43 19
0 0 0 0 43 20
0 0 0 0 43 21
0 0 0 0 43 22
0 0 0 0 43 23
0 0 0 0 43 24
0 0 0 0 43 25
0 0 0 0 43 26
0 0 0 0 43 27
0 0 0 0 43 28
0 0 0 0 43 29
0 0 0 0 43 30
0 0 0 0 43 31
0 0 0 0 43 32
0 0 0 0 43 33
0 0 0 0 43 34
0 0 0 0 43 35
0 0 0 0 43 36
0 0 0 0 43 37
0 0 0 0 43 38
0 0 0 0 43 39
0 0 0 0 43 40
0 0 0 0 43 41
0 0 0 0 43 42
0 0 0 0 43 43
0 0 0 0 43 44
0 0 0 0 44 0
0 0 0 0 44 1
0 0 0 0 44 2
0 0 0 0 44 3
0 0 0 0 44 4
0 0 0 0 44 5
0 0 0 0 44 6
0 0 0 0 44 7
0 0 0 0 44 8
0 0 0 0 44 9
0 0 0 0 44 10
0 0 0 0 44 11
0 0 0 0 44 12
0 0 0 0 44 13
0 0 0 0 44 14
0 0 0 0 44 15
0 0 0 0 44 16
0 0 0 0 44 17
0 0 0 0 44 18
0 0 0 0 44 19
0 0 0 0 44 20
0 0 0 0 44 21
0 0 0 0 44 22
0 0 0 0 44 23
0 0 0 0 44 24
0 0 0 0 44 25
0 0 0 0 44 26
0 0 0 0 44 27
0 0 0 0 44 28
0 0 0 0 44 29
0 0 0 0 44 30
0 0 0 0 44 31
0 0 0 0 44 32
0 0 0 0 44 33
0 0 0 0 44 34
0 0 0 0 44 35
0 0 0 0 44 36
0 0 0 0 44 37
0 0 0 0 44 38
0 0 0 0 44 39
0 0 0 0 44 40
0 0 0 0 44 41
0 0 0 0 44 42
0 0 0 0 44 43
0 0 0 0 44 44
drawing HTML at 45 0
=====================
0 0 0 0 45 0
0 0 0 0 45 1
0 0 0 0 45 2
0 0 0 0 45 3
0 0 0 0 45 4
0 0 0 0 45 5
0 0 0 0 45 6
0 0 0 0 45 7
0 0 0 0 45 8
0 0 0 0 45 9
0 0 0 0 45 10
0 0 0 0 45 11
0 0 0 0 45 12
0 0 0 0 45 13
0 0 0 0 45 14
0 0 0 0 45 15
0 0 0 0 45 16
0 0 0 0 45 17
0 0 0 0 45 18
0 0 0 0 45 19
0 0 0 0 45 20
0 0 0 0 45 21
0 0 0 0 45 22
0 0 0 0 45 23
0 0 0 0 45 24
0 0 0 0 45 25
0 0 0 0 45 26
0 0 0 0 45 27
0 0 0 0 45 28
0 0 0 0 45 29
0 0 0 0 45 30
0 0 0 0 45 31
0 0 0 0 45 32
0 0 0 0 45 33
0 0 0 0 45 34
0 0 0 0 45 35
0 0 0 0 45 36
0 0 0 0 45 37
0 0 0 0 45 38
0 0 0 0 45 39
0 0 0 0 45 40
0 0 0 0 45 41
0 0 0 0 45 42
0 0 0 0 45 43
0 0 0 0 45 44
0 0 0 0 46 0
0 0 0 0 46 1
0 0 0 0 46 2
0 0 0 0 46 3
0 0 0 0 46 4
0 0 0 0 46 5
0 0 0 0 46 6
0 0 0 0 46 7
0 0 0 0 46 8
0 0 0 0 46 9
0 0 0 0 46 10
0 0 0 0 46 11
0 0 0 0 46 12
0 0 0 0 46 13
0 0 0 0 46 14
0 0 0 0 46 15
0 0 0 0 46 16
0 0 0 0 46 17
0 0 0 0 46 18
0 0 0 0 46 19
0 0 0 0 46 20
0 0 0 0 46 21
0 0 0 0 46 22
0 0 0 0 46 23
0 0 0 0 46 24
0 0 0 0 46 25
0 0 0 0 46 26
0 0 0 0 46 27
0 0 0 0 46 28
0 0 0 0 46 29
0 0 0 0 46 30
0 0 0 0 46 31
0 0 0 0 46 32
0 0 0 0 46 33
0 0 0 0 46 34
0 0 0 0 46 35
0 0 0 0 46 36
0 0 0 0 46 37
0 0 0 0 46 38
0 0 0 0 46 39
0 0 0 0 46 40
0 0 0 0 46 41
0 0 0 0 46 42
0 0 0 0 46 43
0 0 0 0 46 44
0 0 0 0 47 0
0 0 0 0 47 1
0 0 0 0 47 2
0 0 0 0 47 3
0 0 0 0 47 4
0 0 0 0 47 5
0 0 0 0 47 6
0 0 0 0 47 7
0 0 0 0 47 8
0 0 0 0 47 9
0 0 0 0 47 10
0 0 0 0 47 11
0 0 0 0 47 12
0 0 0 0 47 13
0 0 0 0 47 14
0 0 0 0 47 15
0 0 0 0 47 16
0 0 0 0 47 17
0 0 0 0 47 18
0 0 0 0 47 19
0 0 0 0 47 20
0 0 0 0 47 21
0 0 0 0 47 22
0 0 0 0 47 23
0 0 0 0 47 24
0 0 0 0 47 25
0 0 0 0 47 26
0 0 0 0 47 27
0 0 0 0 47 28
0 0 0 0 47 29
0 0 0 0 47 30
0 0 0 0 47 31
0 0 0 0 47 32
0 0 0 0 47 33
0 0 0 0 47 34
0 0 0 0 47 35
0 0 0 0 47 36
0 0 0 0 47 37
0 0 0 0 47 38
0 0 0 0 47 39
0 0 0 0 47 40
0 0 0 0 47 41
0 0 0 0 47 42
0 0 0 0 47 43
0 0 0 0 47 44
0 0 0 0 48 0
0 0 0 0 48 1
0 0 0 0 48 2
0 0 0 0 48 3
0 0 0 0 48 4
0 0 0 0 48 5
0 0 0 0 48 6
0 0 0 0 48 7
0 0 0 0 48 8
0 0 0 0 48 9
0 0 0 0 48 10
0 0 0 0 48 11
0 0 0 0 48 12
0 0 0 0 48 13
0 0 0 0 48 14
0 0 0 0 48 15
0 0 0 0 48 16
0 0 0 0 48 17
0 0 0 0 48 18
0 0 0 0 48 19
0 0 0 0 48 20
0 0 0 0 48 21
0 0 0 0 48 22
0 0 0 0 48 23
0 0 0 0 48 24
0 0 0 0 48 25
0 0 0 0 48 26
0 0 0 0 48 27
0 0 0 0 48 28
0 0 0 0 48 29
0 0 0 0 48 30
0 0 0 0 48 31
0 0 0 0 48 32
0 0 0 0 48 33
0 0 0 0 48 34
0 0 0 0 48 35
0 0 0 0 48 36
0 0 0 0 48 37
0 0 0 0 48 38
0 0 0 0 48 39
0 0 0 0 48 40
0 0 0 0 48 41
0 0 0 0 48 42
0 0 0 0 48 43
0 0 0 0 48 44
0 0 0 0 49 0
0 0 0 0 49 1
0 0 0 0 49 2
0 0 0 0 49 3
0 0 0 0 49 4
0 0 0 0 49 5
0 0 0 0 49 6
0 0 0 0 49 7
0 0 0 0 49 8
0 0 0 0 49 9
0 0 0 0 49 10
0 0 0 0 49 11
0 0 0 0 49 12
0 0 0 0 49 13
0 0 0 0 49 14
0 0 0 0 49 15
0 0 0 0 49 16
0 0 0 0 49 17
0 0 0 0 49 18
0 0 0 0 49 19
0 0 0 0 49 20
0 0 0 0 49 21
0 0 0 0 49 22
0 0 0 0 49 23
0 0 0 0 49 24
0 0 0 0 49 25
0 0 0 0 49 26
0 0 0 0 49 27
0 0 0 0 49 28
0 0 0 0 49 29
0 0 0 0 49 30
0 0 0 0 49 31
0 0 0 0 49 32
0 0 0 0 49 33
0 0 0 0 49 34
0 0 0 0 49 35
0 0 0 0 49 36
0 0 0 0 49 37
0 0 0 0 49 38
0 0 0 0 49 39
0 0 0 0 49 40
0 0 0 0 49 41
0 0 0 0 49 42
0 0 0 0 49 43
0 0 0 0 49 44
0 0 0 0 50 0
0 0 0 0 50 1
0 0 0 0 50 2
0 0 0 0 50 3
0 0 0 0 50 4
0 0 0 0 50 5
0 0 0 0 50 6
0 0 0 0 50 7
0 0 0 0 50 8
0 0 0 0 50 9
0 0 0 0 50 10
0 0 0 0 50 11
0 0 0 0 50 12
0 0 0 0 50 13
0 0 0 0 50 14
0 0 0 0 50 15
0 0 0 0 50 16
0 0 0 0 50 17
0 0 0 0 50 18
0 0 0 0 50 19
0 0 0 0 50 20
0 0 0 0 50 21
0 0 0 0 50 22
0 0 0 0 50 23
0 0 0 0 50 24
0 0 0 0 50 25
0 0 0 0 50 26
0 0 0 0 50 27
0 0 0 0 50 28
0 0 0 0 50 29
0 0 0 0 50 30
0 0 0 0 50 31
0 0 0 0 50 32
0 0 0 0 50 33
0 0 0 0 50 34
0 0 0 0 50 35
0 0 0 0 50 36
0 0 0 0 50 37
0 0 0 0 50 38
0 0 0 0 50 39
0 0 0 0 50 40
0 0 0 0 50 41
0 0 0 0 50 42
0 0 0 0 50 43
0 0 0 0 50 44
0 0 0 0 51 0
0 0 0 0 51 1
0 0 0 0 51 2
0 0 0 0 51 3
0 0 0 0 51 4
0 0 0 0 51 5
0 0 0 0 51 6
0 0 0 0 51 7
0 0 0 0 51 13
0 0 0 0 51 14
0 0 0 0 51 15
0 0 0 0 51 16
0 0 0 0 51 17
0 0 0 0 51 18
0 0 0 0 51 19
0 0 0 0 51 20
0 0 0 0 51 21
0 0 0 0 51 22
0 0 0 0 51 23
0 0 0 0 51 24
0 0 0 0 51 25
0 0 0 0 51 26
0 0 0 0 51 27
0 0 0 0 51 28
0 0 0 0 51 29
0 0 0 0 51 30
0 0 0 0 51 31
0 0 0 0 51 32
0 0 0 0 51 33
0 0 0 0 51 34
0 0 0 0 51 35
0 0 0 0 51 36
0 0 0 0 51 37
0 0 0 0 51 38
0 0 0 0 51 39
0 0 0 0 51 40
0 0 0 0 51 41
0 0 0 0 51 42
0 0 0 0 51 43
0 0 0 0 51 44
0 0 0 0 52 0
0 0 0 0 52 1
0 0 0 0 52 2
0 0 0 0 52 3
0 0 0 0 52 4
0 0 0 0 52 5
0 0 0 0 52 6
0 0 0 0 52 7
0 0 0 0 52 24
0 0 0 0 52 25
0 0 0 0 52 26
0 0 0 0 52 27
0 0 0 0 52 28
0 0 0 0 52 29
0 0 0 0 52 30
0 0 0 0 52 31
0 0 0 0 52 32
0 0 0 0 52 33
0 0 0 0 52 34
0 0 0 0 52 35
0 0 0 0 52 36
0 0 0 0 52 37
0 0 0 0 52 38
0 0 0 0 52 39
0 0 0 0 52 40
0 0 0 0 52 41
0 0 0 0 52 42
0 0 0 0 52 43
0 0 0 0 52 44
0 0 0 0 53 0
0 0 0 0 53 1
0 0 0 0 53 2
0 0 0 0 53 3
0 0 0 0 53 4
0 0 0 0 53 5
0 0 0 0 53 6
0 0 0 0 53 7
0 0 0 0 53 36
0 0 0 0 53 37
0 0 0 0 53 38
0 0 0 0 53 39
0 0 0 0 53 40
0 0 0 0 53 41
0 0 0 0 53 42
0 0 0 0 53 43
0 0 0 0 53 44
0 0 0 0 54 7
0 0 0 0 54 42
0 0 0 0 54 43
0 0 0 0 54 44
0 0 0 0 55 7
0 0 0 0 55 42
0 0 0 0 55 43
0 0 0 0 55 44
0 0 0 0 56 7
0 0 0 0 56 42
0 0 0 0 56 43
0 0 0 0 56 44
0 0 0 0 57 0
0 0 0 0 57 1
0 0 0 0 57 5
0 0 0 0 57 6
0 0 0 0 57 7
0 0 0 0 57 43
0 0 0 0 57 44
0 0 0 0 58 7
0 0 0 0 58 43
0 0 0 0 58 44
0 0 0 0 59 7
0 0 0 0 59 43
0 0 0 0 59 44
0 0 0 0 60 7
0 0 0 0 60 43
0 0 0 0 60 44
0 0 0 0 61 3
0 0 0 0 61 4
0 0 0 0 61 5
0 0 0 0 61 6
0 0 0 0 61 7
0 0 0 0 61 44
0 0 0 0 62 3
0 0 0 0 62 4
0 0 0 0 62 5
0 0 0 0 62 6
0 0 0 0 62 7
0 0 0 0 62 44
0 0 0 0 63 7
0 0 0 0 63 44
0 0 0 0 64 7
0 0 0 0 65 7
0 0 0 0 66 3
0 0 0 0 66 4
0 0 0 0 66 5
0 0 0 0 66 6
0 0 0 0 66 7
0 0 0 0 67 7
0 0 0 0 68 7
0 0 0 0 69 7
0 0 0 0 70 6
0 0 0 0 70 7
0 0 0 0 71 0
0 0 0 0 71 6
0 0 0 0 71 7
0 0 0 0 71 44
0 0 0 0 72 7
0 0 0 0 72 44
0 0 0 0 73 7
0 0 0 0 73 44
0 0 0 0 74 7
0 0 0 0 74 43
0 0 0 0 74 44
0 0 0 0 75 7
0 0 0 0 75 43
0 0 0 0 75 44
0 0 0 0 76 7
0 0 0 0 76 43
0 0 0 0 76 44
0 0 0 0 77 7
0 0 0 0 77 43
0 0 0 0 77 44
0 0 0 0 78 0
0 0 0 0 78 1
0 0 0 0 78 2
0 0 0 0 78 3
0 0 0 0 78 7
0 0 0 0 78 42
0 0 0 0 78 43
0 0 0 0 78 44
0 0 0 0 79 0
0 0 0 0 79 1
0 0 0 0 79 2
0 0 0 0 79 3
0 0 0 0 79 7
0 0 0 0 79 42
0 0 0 0 79 43
0 0 0 0 79 44
0 0 0 0 80 0
0 0 0 0 80 1
0 0 0 0 80 2
0 0 0 0 80 3
0 0 0 0 80 7
0 0 0 0 80 42
0 0 0 0 80 43
0 0 0 0 80 44
0 0 0 0 81 0
0 0 0 0 81 1
0 0 0 0 81 2
0 0 0 0 81 3
0 0 0 0 81 4
0 0 0 0 81 5
0 0 0 0 81 6
0 0 0 0 81 7
0 0 0 0 81 36
0 0 0 0 81 37
0 0 0 0 81 38
0 0 0 0 81 39
0 0 0 0 81 40
0 0 0 0 81 41
0 0 0 0 81 42
0 0 0 0 81 43
0 0 0 0 81 44
0 0 0 0 82 0
0 0 0 0 82 1
0 0 0 0 82 2
0 0 0 0 82 3
0 0 0 0 82 4
0 0 0 0 82 5
0 0 0 0 82 6
0 0 0 0 82 7
0 0 0 0 82 24
0 0 0 0 82 25
0 0 0 0 82 26
0 0 0 0 82 27
0 0 0 0 82 28
0 0 0 0 82 29
0 0 0 0 82 30
0 0 0 0 82 31
0 0 0 0 82 32
0 0 0 0 82 33
0 0 0 0 82 34
0 0 0 0 82 35
0 0 0 0 82 36
0 0 0 0 82 37
0 0 0 0 82 38
0 0 0 0 82 39
0 0 0 0 82 40
0 0 0 0 82 41
0 0 0 0 82 42
0 0 0 0 82 43
0 0 0 0 82 44
0 0 0 0 83 0
0 0 0 0 83 1
0 0 0 0 83 2
0 0 0 0 83 3
0 0 0 0 83 4
0 0 0 0 83 5
0 0 0 0 83 6
0 0 0 0 83 7
0 0 0 0 83 13
0 0 0 0 83 14
0 0 0 0 83 15
0 0 0 0 83 16
0 0 0 0 83 17
0 0 0 0 83 18
0 0 0 0 83 19
0 0 0 0 83 20
0 0 0 0 83 21
0 0 0 0 83 22
0 0 0 0 83 23
0 0 0 0 83 24
0 0 0 0 83 25
0 0 0 0 83 26
0 0 0 0 83 27
0 0 0 0 83 28
0 0 0 0 83 29
0 0 0 0 83 30
0 0 0 0 83 31
0 0 0 0 83 32
0 0 0 0 83 33
0 0 0 0 83 34
0 0 0 0 83 35
0 0 0 0 83 36
0 0 0 0 83 37
0 0 0 0 83 38
0 0 0 0 83 39
0 0 0 0 83 40
0 0 0 0 83 41
0 0 0 0 83 42
0 0 0 0 83 43
0 0 0 0 83 44
0 0 0 0 84 0
0 0 0 0 84 1
0 0 0 0 84 2
0 0 0 0 84 3
0 0 0 0 84 4
0 0 0 0 84 5
0 0 0 0 84 6
0 0 0 0 84 7
0 0 0 0 84 8
0 0 0 0 84 9
0 0 0 0 84 10
0 0 0 0 84 11
0 0 0 0 84 12
0 0 0 0 84 13
0 0 0 0 84 14
0 0 0 0 84 15
0 0 0 0 84 16
0 0 0 0 84 17
0 0 0 0 84 18
0 0 0 0 84 19
0 0 0 0 84 20
0 0 0 0 84 21
0 0 0 0 84 22
0 0 0 0 84 23
0 0 0 0 84 24
0 0 0 0 84 25
0 0 0 0 84 26
0 0 0 0 84 27
0 0 0 0 84 28
0 0 0 0 84 29
0 0 0 0 84 30
0 0 0 0 84 31
0 0 0 0 84 32
0 0 0 0 84 33
0 0 0 0 84 34
0 0 0 0 84 35
0 0 0 0 84 36
0 0 0 0 84 37
0 0 0 0 84 38
0 0 0 0 84 39
0 0 0 0 84 40
0 0 0 0 84 41
0 0 0 0 84 42
0 0 0 0 84 43
0 0 0 0 84 44
0 0 0 0 85 0
0 0 0 0 85 1
0 0 0 0 85 2
0 0 0 0 85 3
0 0 0 0 85 4
0 0 0 0 85 5
0 0 0 0 85 6
0 0 0 0 85 7
0 0 0 0 85 8
0 0 0 0 85 9
0 0 0 0 85 10
0 0 0 0 85 11
0 0 0 0 85 12
0 0 0 0 85 13
0 0 0 0 85 14
0 0 0 0 85 15
0 0 0 0 85 16
0 0 0 0 85 17
0 0 0 0 85 18
0 0 0 0 85 19
0 0 0 0 85 20
0 0 0 0 85 21
0 0 0 0 85 22
0 0 0 0 85 23
0 0 0 0 85 24
0 0 0 0 85 25
0 0 0 0 85 26
0 0 0 0 85 27
0 0 0 0 85 28
0 0 0 0 85 29
0 0 0 0 85 30
0 0 0 0 85 31
0 0 0 0 85 32
0 0 0 0 85 33
0 0 0 0 85 34
0 0 0 0 85 35
0 0 0 0 85 36
0 0 0 0 85 37
0 0 0 0 85 38
0 0 0 0 85 39
0 0 0 0 85 40
0 0 0 0 85 41
0 0 0 0 85 42
0 0 0 0 85 43
0 0 0 0 85 44
0 0 0 0 86 0
0 0 0 0 86 1
0 0 0 0 86 2
0 0 0 0 86 3
0 0 0 0 86 4
0 0 0 0 86 5
0 0 0 0 86 6
0 0 0 0 86 7
0 0 0 0 86 8
0 0 0 0 86 9
0 0 0 0 86 10
0 0 0 0 86 11
0 0 0 0 86 12
0 0 0 0 86 13
0 0 0 0 86 14
0 0 0 0 86 15
0 0 0 0 86 16
0 0 0 0 86 17
0 0 0 0 86 18
0 0 0 0 86 19
0 0 0 0 86 20
0 0 0 0 86 21
0 0 0 0 86 22
0 0 0 0 86 23
0 0 0 0 86 24
0 0 0 0 86 25
0 0 0 0 86 26
0 0 0 0 86 27
0 0 0 0 86 28
0 0 0 0 86 29
0 0 0 0 86 30
0 0 0 0 86 31
0 0 0 0 86 32
0 0 0 0 86 33
0 0 0 0 86 34
0 0 0 0 86 35
0 0 0 0 86 36
0 0 0 0 86 37
0 0 0 0 86 38
0 0 0 0 86 39
0 0 0 0 86 40
0 0 0 0 86 41
0 0 0 0 86 42
0 0 0 0 86 43
0 0 0 0 86 44
0 0 0 0 87 0
0 0 0 0 87 1
0 0 0 0 87 2
0 0 0 0 87 3
0 0 0 0 87 4
0 0 0 0 87 5
0 0 0 0 87 6
0 0 0 0 87 7
0 0 0 0 87 8
0 0 0 0 87 9
0 0 0 0 87 10
0 0 0 0 87 11
0 0 0 0 87 12
0 0 0 0 87 13
0 0 0 0 87 14
0 0 0 0 87 15
0 0 0 0 87 16
0 0 0 0 87 17
0 0 0 0 87 18
0 0 0 0 87 19
0 0 0 0 87 20
0 0 0 0 87 21
0 0 0 0 87 22
0 0 0 0 87 23
0 0 0 0 87 24
0 0 0 0 87 25
0 0 0 0 87 26
0 0 0 0 87 27
0 0 0 0 87 28
0 0 0 0 87 29
0 0 0 0 87 30
0 0 0 0 87 31
0 0 0 0 87 32
0 0 0 0 87 33
0 0 0 0 87 34
0 0 0 0 87 35
0 0 0 0 87 36
0 0 0 0 87 37
0 0 0 0 87 38
0 0 0 0 87 39
0 0 0 0 87 40
0 0 0 0 87 41
0 0 0 0 87 42
0 0 0 0 87 43
0 0 0 0 87 44
0 0 0 0 88 0
0 0 0 0 88 1
0 0 0 0 88 2
0 0 0 0 88 3
0 0 0 0 88 4
0 0 0 0 88 5
0 0 0 0 88 6
0 0 0 0 88 7
0 0 0 0 88 8
0 0 0 0 88 9
0 0 0 0 88 10
0 0 0 0 88 11
0 0 0 0 88 12
0 0 0 0 88 13
0 0 0 0 88 14
0 0 0 0 88 15
0 0 0 0 88 16
0 0 0 0 88 17
0 0 0 0 88 18
0 0 0 0 88 19
0 0 0 0 88 20
0 0 0 0 88 21
0 0 0 0 88 22
0 0 0 0 88 23
0 0 0 0 88 24
0 0 0 0 88 25
0 0 0 0 88 26
0 0 0 0 88 27
0 0 0 0 88 28
0 0 0 0 88 29
0 0 0 0 88 30
0 0 0 0 88 31
0 0 0 0 88 32
0 0 0 0 88 33
0 0 0 0 88 34
0 0 0 0 88 35
0 0 0 0 88 36
0 0 0 0 88 37
0 0 0 0 88 38
0 0 0 0 88 39
0 0 0 0 88 40
0 0 0 0 88 41
0 0 0 0 88 42
0 0 0 0 88 43
0 0 0 0 88 44
0 0 0 0 89 0
0 0 0 0 89 1
0 0 0 0 89 2
0 0 0 0 89 3
0 0 0 0 89 4
0 0 0 0 89 5
0 0 0 0 89 6
0 0 0 0 89 7
0 0 0 0 89 8
0 0 0 0 89 9
0 0 0 0 89 10
0 0 0 0 89 11
0 0 0 0 89 12
0 0 0 0 89 13
0 0 0 0 89 14
0 0 0 0 89 15
0 0 0 0 89 16
0 0 0 0 89 17
0 0 0 0 89 18
0 0 0 0 89 19
0 0 0 0 89 20
0 0 0 0 89 21
0 0 0 0 89 22
0 0 0 0 89 23
0 0 0 0 89 24
0 0 0 0 89 25
0 0 0 0 89 26
0 0 0 0 89 27
0 0 0 0 89 28
0 0 0 0 89 29
0 0 0 0 89 30
0 0 0 0 89 31
0 0 0 0 89 32
0 0 0 0 89 33
0 0 0 0 89 34
0 0 0 0 89 35
0 0 0 0 89 36
0 0 0 0 89 37
0 0 0 0 89 38
0 0 0 0 89 39
0 0 0 0 89 40
0 0 0 0 89 41
0 0 0 0 89 42
0 0 0 0 89 43
0 0 0 0 89 44
drawing CSS at 0 45
=====================
0 0 0 0 0 45
0 0 0 0 0 46
0 0 0 0 0 47
0 0 0 0 0 48
0 0 0 0 0 49
0 0 0 0 0 50
0 0 0 0 0 51
0 0 0 0 0 52
0 0 0 0 0 53
0 0 0 0 0 54
0 0 0 0 0 55
0 0 0 0 0 56
0 0 0 0 0 57
0 0 0 0 0 58
0 0 0 0 0 59
0 0 0 0 0 60
0 0 0 0 0 61
0 0 0 0 0 62
0 0 0 0 0 63
0 0 0 0 0 64
0 0 0 0 0 65
0 0 0 0 0 66
0 0 0 0 0 67
0 0 0 0 0 68
0 0 0 0 0 69
0 0 0 0 0 70
0 0 0 0 0 71
0 0 0 0 0 72
0 0 0 0 0 73
0 0 0 0 0 74
0 0 0 0 0 75
0 0 0 0 0 76
0 0 0 0 0 77
0 0 0 0 0 78
0 0 0 0 0 79
0 0 0 0 0 80
0 0 0 0 0 81
0 0 0 0 0 82
0 0 0 0 0 83
0 0 0 0 0 84
0 0 0 0 0 85
0 0 0 0 0 86
0 0 0 0 0 87
0 0 0 0 0 88
0 0 0 0 0 89
0 0 0 0 1 45
0 0 0 0 1 46
0 0 0 0 1 47
0 0 0 0 1 48
0 0 0 0 1 49
0 0 0 0 1 50
0 0 0 0 1 51
0 0 0 0 1 52
0 0 0 0 1 53
0 0 0 0 1 54
0 0 0 0 1 55
0 0 0 0 1 56
0 0 0 0 1 57
0 0 0 0 1 58
0 0 0 0 1 59
0 0 0 0 1 60
0 0 0 0 1 61
0 0 0 0 1 62
0 0 0 0 1 63
0 0 0 0 1 64
0 0 0 0 1 65
0 0 0 0 1 66
0 0 0 0 1 67
0 0 0 0 1 68
0 0 0 0 1 69
0 0 0 0 1 70
0 0 0 0 1 71
0 0 0 0 1 72
0 0 0 0 1 73
0 0 0 0 1 74
0 0 0 0 1 75
0 0 0 0 1 76
0 0 0 0 1 77
0 0 0 0 1 78
0 0 0 0 1 79
0 0 0 0 1 80
0 0 0 0 1 81
0 0 0 0 1 82
0 0 0 0 1 83
0 0 0 0 1 84
0 0 0 0 1 85
0 0 0 0 1 86
0 0 0 0 1 87
0 0 0 0 1 88
0 0 0 0 1 89
0 0 0 0 2 45
0 0 0 0 2 46
0 0 0 0 2 47
0 0 0 0 2 48
0 0 0 0 2 49
0 0 0 0 2 50
0 0 0 0 2 51
0 0 0 0 2 52
0 0 0 0 2 53
0 0 0 0 2 54
0 0 0 0 2 55
0 0 0 0 2 56
0 0 0 0 2 57
0 0 0 0 2 58
0 0 0 0 2 59
0 0 0 0 2 60
0 0 0 0 2 61
0 0 0 0 2 62
0 0 0 0 2 63
0 0 0 0 2 64
0 0 0 0 2 65
0 0 0 0 2 66
0 0 0 0 2 67
0 0 0 0 2 68
0 0 0 0 2 69
0 0 0 0 2 70
0 0 0 0 2 71
0 0 0 0 2 72
0 0 0 0 2 73
0 0 0 0 2 74
0 0 0 0 2 75
0 0 0 0 2 76
0 0 0 0 2 77
0 0 0 0 2 78
0 0 0 0 2 79
0 0 0 0 2 80
0 0 0 0 2 81
0 0 0 0 2 82
0 0 0 0 2 83
0 0 0 0 2 84
0 0 0 0 2 85
0 0 0 0 2 86
0 0 0 0 2 87
0 0 0 0 2 88
0 0 0 0 2 89
0 0 0 0 3 45
0 0 0 0 3 46
0 0 0 0 3 47
0 0 0 0 3 48
0 0 0 0 3 49
0 0 0 0 3 50
0 0 0 0 3 51
0 0 0 0 3 52
0 0 0 0 3 53
0 0 0 0 3 54
0 0 0 0 3 55
0 0 0 0 3 56
0 0 0 0 3 57
0 0 0 0 3 58
0 0 0 0 3 59
0 0 0 0 3 60
0 0 0 0 3 61
0 0 0 0 3 62
0 0 0 0 3 63
0 0 0 0 3 64
0 0 0 0 3 65
0 0 0 0 3 66
0 0 0 0 3 67
0 0 0 0 3 68
0 0 0 0 3 69
0 0 0 0 3 70
0 0 0 0 3 71
0 0 0 0 3 72
0 0 0 0 3 73
0 0 0 0 3 74
0 0 0 0 3 75
0 0 0 0 3 76
0 0 0 0 3 77
0 0 0 0 3 78
0 0 0 0 3 79
0 0 0 0 3 80
0 0 0 0 3 81
0 0 0 0 3 82
0 0 0 0 3 83
0 0 0 0 3 84
0 0 0 0 3 85
0 0 0 0 3 86
0 0 0 0 3 87
0 0 0 0 3 88
0 0 0 0 3 89
0 0 0 0 4 45
0 0 0 0 4 46
0 0 0 0 4 47
0 0 0 0 4 48
0 0 0 0 4 49
0 0 0 0 4 50
0 0 0 0 4 51
0 0 0 0 4 52
0 0 0 0 4 53
0 0 0 0 4 54
0 0 0 0 4 55
0 0 0 0 4 56
0 0 0 0 4 57
0 0 0 0 4 58
0 0 0 0 4 59
0 0 0 0 4 60
0 0 0 0 4 61
0 0 0 0 4 62
0 0 0 0 4 63
0 0 0 0 4 64
0 0 0 0 4 65
0 0 0 0 4 66
0 0 0 0 4 67
0 0 0 0 4 68
0 0 0 0 4 69
0 0 0 0 4 70
0 0 0 0 4 71
0 0 0 0 4 72
0 0 0 0 4 73
0 0 0 0 4 74
0 0 0 0 4 75
0 0 0 0 4 76
0 0 0 0 4 77
0 0 0 0 4 78
0 0 0 0 4 79
0 0 0 0 4 80
0 0 0 0 4 81
0 0 0 0 4 82
0 0 0 0 4 83
0 0 0 0 4 84
0 0 0 0 4 85
0 0 0 0 4 86
0 0 0 0 4 87
0 0 0 0 4 88
0 0 0 0 4 89
0 0 0 0 5 45
0 0 0 0 5 46
0 0 0 0 5 47
0 0 0 0 5 48
0 0 0 0 5 49
0 0 0 0 5 50
0 0 0 0 5 51
0 0 0 0 5 52
0 0 0 0 5 53
0 0 0 0 5 54
0 0 0 0 5 55
0 0 0 0 5 56
0 0 0 0 5 57
0 0 0 0 5 58
0 0 0 0 5 59
0 0 0 0 5 60
0 0 0 0 5 61
0 0 0 0 5 62
0 0 0 0 5 63
0 0 0 0 5 64
0 0 0 0 5 65
0 0 0 0 5 66
0 0 0 0 5 67
0 0 0 0 5 68
0 0 0 0 5 69
0 0 0 0 5 70
0 0 0 0 5 71
0 0 0 0 5 72
0 0 0 0 5 73
0 0 0 0 5 74
0 0 0 0 5 75
0 0 0 0 5 76
0 0 0 0 5 77
0 0 0 0 5 78
0 0 0 0 5 79
0 0 0 0 5 80
0 0 0 0 5 81
0 0 0 0 5 82
0 0 0 0 5 83
0 0 0 0 5 84
0 0 0 0 5 85
0 0 0 0 5 86
0 0 0 0 5 87
0 0 0 0 5 88
0 0 0 0 5 89
0 0 0 0 6 45
0 0 0 0 6 46
0 0 0 0 6 47
0 0 0 0 6 48
0 0 0 0 6 49
0 0 0 0 6 50
0 0 0 0 6 51
0 0 0 0 6 52
0 0 0 0 6 53
0 0 0 0 6 54
0 0 0 0 6 55
0 0 0 0 6 56
0 0 0 0 6 57
0 0 0 0 6 58
0 0 0 0 6 59
0 0 0 0 6 60
0 0 0 0 6 61
0 0 0 0 6 62
0 0 0 0 6 63
0 0 0 0 6 64
0 0 0 0 6 65
0 0 0 0 6 66
0 0 0 0 6 67
0 0 0 0 6 68
0 0 0 0 6 69
0 0 0 0 6 70
0 0 0 0 6 71
0 0 0 0 6 72
0 0 0 0 6 73
0 0 0 0 6 74
0 0 0 0 6 75
0 0 0 0 6 76
0 0 0 0 6 77
0 0 0 0 6 78
0 0 0 0 6 79
0 0 0 0 6 80
0 0 0 0 6 81
0 0 0 0 6 82
0 0 0 0 6 83
0 0 0 0 6 84
0 0 0 0 6 85
0 0 0 0 6 86
0 0 0 0 6 87
0 0 0 0 6 88
0 0 0 0 6 89
0 0 0 0 7 45
0 0 0 0 7 46
0 0 0 0 7 47
0 0 0 0 7 48
0 0 0 0 7 49
0 0 0 0 7 50
0 0 0 0 7 51
0 0 0 0 7 52
0 0 0 0 7 53
0 0 0 0 7 54
0 0 0 0 7 55
0 0 0 0 7 56
0 0 0 0 7 57
0 0 0 0 7 58
0 0 0 0 7 59
0 0 0 0 7 60
0 0 0 0 7 61
0 0 0 0 7 62
0 0 0 0 7 63
0 0 0 0 7 64
0 0 0 0 7 65
0 0 0 0 7 66
0 0 0 0 7 67
0 0 0 0 7 68
0 0 0 0 7 69
0 0 0 0 7 70
0 0 0 0 7 71
0 0 0 0 7 72
0 0 0 0 7 73
0 0 0 0 7 74
0 0 0 0 7 75
0 0 0 0 7 76
0 0 0 0 7 77
0 0 0 0 7 78
0 0 0 0 7 79
0 0 0 0 7 80
0 0 0 0 7 81
0 0 0 0 7 82
0 0 0 0 7 83
0 0 0 0 7 84
0 0 0 0 7 85
0 0 0 0 7 86
0 0 0 0 7 87
0 0 0 0 7 88
0 0 0 0 7 89
0 0 0 0 8 45
0 0 0 0 8 46
0 0 0 0 8 47
0 0 0 0 8 48
0 0 0 0 8 49
0 0 0 0 8 50
0 0 0 0 8 51
0 0 0 0 8 52
0 0 0 0 8 53
0 0 0 0 8 54
0 0 0 0 8 55
0 0 0 0 8 56
0 0 0 0 8 57
0 0 0 0 8 58
0 0 0 0 8 59
0 0 0 0 8 60
0 0 0 0 8 61
0 0 0 0 8 62
0 0 0 0 8 63
0 0 0 0 8 64
0 0 0 0 8 65
0 0 0 0 8 66
0 0 0 0 8 67
0 0 0 0 8 68
0 0 0 0 8 69
0 0 0 0 8 70
0 0 0 0 8 71
0 0 0 0 8 72
0 0 0 0 8 73
0 0 0 0 8 74
0 0 0 0 8 75
0 0 0 0 8 76
0 0 0 0 8 77
0 0 0 0 8 78
0 0 0 0 8 79
0 0 0 0 8 80
0 0 0 0 8 81
0 0 0 0 8 82
0 0 0 0 8 83
0 0 0 0 8 84
0 0 0 0 8 85
0 0 0 0 8 86
0 0 0 0 8 87
0 0 0 0 8 88
0 0 0 0 8 89
0 0 0 0 9 45
0 0 0 0 9 46
0 0 0 0 9 47
0 0 0 0 9 48
0 0 0 0 9 49
0 0 0 0 9 50
0 0 0 0 9 51
0 0 0 0 9 52
0 0 0 0 9 53
0 0 0 0 9 54
0 0 0 0 9 55
0 0 0 0 9 56
0 0 0 0 9 57
0 0 0 0 9 58
0 0 0 0 9 59
0 0 0 0 9 60
0 0 0 0 9 61
0 0 0 0 9 62
0 0 0 0 9 63
0 0 0 0 9 64
0 0 0 0 9 65
0 0 0 0 9 66
0 0 0 0 9 67
0 0 0 0 9 68
0 0 0 0 9 69
0 0 0 0 9 70
0 0 0 0 9 71
0 0 0 0 9 72
0 0 0 0 9 73
0 0 0 0 9 74
0 0 0 0 9 75
0 0 0 0 9 76
0 0 0 0 9 77
0 0 0 0 9 78
0 0 0 0 9 79
0 0 0 0 9 80
0 0 0 0 9 81
0 0 0 0 9 82
0 0 0 0 9 83
0 0 0 0 9 84
0 0 0 0 9 85
0 0 0 0 9 86
0 0 0 0 9 87
0 0 0 0 9 88
0 0 0 0 9 89
0 0 0 0 10 45
0 0 0 0 10 46
0 0 0 0 10 47
0 0 0 0 10 48
0 0 0 0 10 49
0 0 0 0 10 50
0 0 0 0 10 51
0 0 0 0 10 52
0 0 0 0 10 53
0 0 0 0 10 54
0 0 0 0 10 55
0 0 0 0 10 56
0 0 0 0 10 57
0 0 0 0 10 58
0 0 0 0 10 59
0 0 0 0 10 60
0 0 0 0 10 61
0 0 0 0 10 62
0 0 0 0 10 63
0 0 0 0 10 64
0 0 0 0 10 65
0 0 0 0 10 66
0 0 0 0 10 67
0 0 0 0 10 68
0 0 0 0 10 69
0 0 0 0 10 70
0 0 0 0 10 71
0 0 0 0 10 72
0 0 0 0 10 73
0 0 0 0 10 74
0 0 0 0 10 75
0 0 0 0 10 76
0 0 0 0 10 77
0 0 0 0 10 78
0 0 0 0 10 79
0 0 0 0 10 80
0 0 0 0 10 81
0 0 0 0 10 82
0 0 0 0 10 83
0 0 0 0 10 84
0 0 0 0 10 85
0 0 0 0 10 86
0 0 0 0 10 87
0 0 0 0 10 88
0 0 0 0 10 89
0 0 0 0 11 45
0 0 0 0 11 46
0 0 0 0 11 47
0 0 0 0 11 48
0 0 0 0 11 49
0 0 0 0 11 50
0 0 0 0 11 51
0 0 0 0 11 52
0 0 0 0 11 53
0 0 0 0 11 54
0 0 0 0 11 55
0 0 0 0 11 56
0 0 0 0 11 57
0 0 0 0 11 58
0 0 0 0 11 59
0 0 0 0 11 60
0 0 0 0 11 61
0 0 0 0 11 62
0 0 0 0 11 63
0 0 0 0 11 64
0 0 0 0 11 65
0 0 0 0 11 66
0 0 0 0 11 67
0 0 0 0 11 68
0 0 0 0 11 69
0 0 0 0 11 70
0 0 0 0 11 71
0 0 0 0 11 72
0 0 0 0 11 73
0 0 0 0 11 74
0 0 0 0 11 75
0 0 0 0 11 76
0 0 0 0 11 77
0 0 0 0 11 78
0 0 0 0 11 79
0 0 0 0 11 80
0 0 0 0 11 81
0 0 0 0 11 82
0 0 0 0 11 83
0 0 0 0 11 84
0 0 0 0 11 85
0 0 0 0 11 86
0 0 0 0 11 87
0 0 0 0 11 88
0 0 0 0 11 89
0 0 0 0 12 45
0 0 0 0 12 46
0 0 0 0 12 47
0 0 0 0 12 48
0 0 0 0 12 49
0 0 0 0 12 50
0 0 0 0 12 51
0 0 0 0 12 52
0 0 0 0 12 53
0 0 0 0 12 54
0 0 0 0 12 55
0 0 0 0 12 56
0 0 0 0 12 57
0 0 0 0 12 58
0 0 0 0 12 59
0 0 0 0 12 60
0 0 0 0 12 61
0 0 0 0 12 62
0 0 0 0 12 63
0 0 0 0 12 64
0 0 0 0 12 65
0 0 0 0 12 66
0 0 0 0 12 67
0 0 0 0 12 68
0 0 0 0 12 69
0 0 0 0 12 70
0 0 0 0 12 71
0 0 0 0 12 72
0 0 0 0 12 73
0 0 0 0 12 74
0 0 0 0 12 75
0 0 0 0 12 76
0 0 0 0 12 77
0 0 0 0 12 78
0 0 0 0 12 79
0 0 0 0 12 80
0 0 0 0 12 81
0 0 0 0 12 82
0 0 0 0 12 83
0 0 0 0 12 84
0 0 0 0 12 85
0 0 0 0 12 86
0 0 0 0 12 87
0 0 0 0 12 88
0 0 0 0 12 89
0 0 0 0 13 45
0 0 0 0 13 46
0 0 0 0 13 47
0 0 0 0 13 48
0 0 0 0 13 49
0 0 0 0 13 50
0 0 0 0 13 51
0 0 0 0 13 52
0 0 0 0 13 64
0 0 0 0 13 65
0 0 0 0 13 66
0 0 0 0 13 67
0 0 0 0 13 68
0 0 0 0 13 69
0 0 0 0 13 70
0 0 0 0 13 71
0 0 0 0 13 72
0 0 0 0 13 73
0 0 0 0 13 74
0 0 0 0 13 75
0 0 0 0 13 76
0 0 0 0 13 77
0 0 0 0 13 78
0 0 0 0 13 79
0 0 0 0 13 80
0 0 0 0 13 81
0 0 0 0 13 82
0 0 0 0 13 83
0 0 0 0 13 84
0 0 0 0 13 85
0 0 0 0 13 86
0 0 0 0 13 87
0 0 0 0 13 88
0 0 0 0 13 89
0 0 0 0 14 45
0 0 0 0 14 46
0 0 0 0 14 47
0 0 0 0 14 48
0 0 0 0 14 49
0 0 0 0 14 50
0 0 0 0 14 51
0 0 0 0 14 52
0 0 0 0 14 75
0 0 0 0 14 76
0 0 0 0 14 77
0 0 0 0 14 78
0 0 0 0 14 79
0 0 0 0 14 80
0 0 0 0 14 81
0 0 0 0 14 82
0 0 0 0 14 83
0 0 0 0 14 84
0 0 0 0 14 85
0 0 0 0 14 86
0 0 0 0 14 87
0 0 0 0 14 88
0 0 0 0 14 89
0 0 0 0 15 45
0 0 0 0 15 46
0 0 0 0 15 47
0 0 0 0 15 48
0 0 0 0 15 49
0 0 0 0 15 50
0 0 0 0 15 51
0 0 0 0 15 52
0 0 0 0 15 86
0 0 0 0 15 87
0 0 0 0 15 88
0 0 0 0 15 89
0 0 0 0 16 45
0 0 0 0 16 46
0 0 0 0 16 47
0 0 0 0 16 48
0 0 0 0 16 49
0 0 0 0 16 50
0 0 0 0 16 51
0 0 0 0 16 52
0 0 0 0 16 87
0 0 0 0 16 88
0 0 0 0 16 89
0 0 0 0 17 45
0 0 0 0 17 46
0 0 0 0 17 47
0 0 0 0 17 48
0 0 0 0 17 49
0 0 0 0 17 50
0 0 0 0 17 51
0 0 0 0 17 52
0 0 0 0 17 87
0 0 0 0 17 88
0 0 0 0 17 89
0 0 0 0 18 45
0 0 0 0 18 46
0 0 0 0 18 47
0 0 0 0 18 48
0 0 0 0 18 49
0 0 0 0 18 50
0 0 0 0 18 51
0 0 0 0 18 52
0 0 0 0 18 88
0 0 0 0 18 89
0 0 0 0 19 45
0 0 0 0 19 46
0 0 0 0 19 47
0 0 0 0 19 48
0 0 0 0 19 49
0 0 0 0 19 50
0 0 0 0 19 51
0 0 0 0 19 52
0 0 0 0 19 88
0 0 0 0 19 89
0 0 0 0 20 52
0 0 0 0 20 88
0 0 0 0 20 89
0 0 0 0 21 52
0 0 0 0 21 88
0 0 0 0 21 89
0 0 0 0 22 52
0 0 0 0 22 89
0 0 0 0 23 48
0 0 0 0 23 52
0 0 0 0 23 89
0 0 0 0 24 48
0 0 0 0 24 52
0 0 0 0 24 89
0 0 0 0 25 48
0 0 0 0 25 52
0 0 0 0 25 89
0 0 0 0 26 52
0 0 0 0 27 52
0 0 0 0 28 52
0 0 0 0 29 52
0 0 0 0 30 52
0 0 0 0 31 52
0 0 0 0 32 52
0 0 0 0 32 89
0 0 0 0 33 52
0 0 0 0 33 89
0 0 0 0 34 52
0 0 0 0 34 89
0 0 0 0 35 52
0 0 0 0 35 89
0 0 0 0 36 52
0 0 0 0 36 88
0 0 0 0 36 89
0 0 0 0 37 45
0 0 0 0 37 46
0 0 0 0 37 47
0 0 0 0 37 48
0 0 0 0 37 49
0 0 0 0 37 50
0 0 0 0 37 51
0 0 0 0 37 52
0 0 0 0 37 88
0 0 0 0 37 89
0 0 0 0 38 45
0 0 0 0 38 46
0 0 0 0 38 47
0 0 0 0 38 48
0 0 0 0 38 49
0 0 0 0 38 50
0 0 0 0 38 51
0 0 0 0 38 52
0 0 0 0 38 88
0 0 0 0 38 89
0 0 0 0 39 45
0 0 0 0 39 46
0 0 0 0 39 47
0 0 0 0 39 48
0 0 0 0 39 49
0 0 0 0 39 50
0 0 0 0 39 51
0 0 0 0 39 52
0 0 0 0 39 87
0 0 0 0 39 88
0 0 0 0 39 89
0 0 0 0 40 45
0 0 0 0 40 46
0 0 0 0 40 47
0 0 0 0 40 48
0 0 0 0 40 49
0 0 0 0 40 50
0 0 0 0 40 51
0 0 0 0 40 52
0 0 0 0 40 87
0 0 0 0 40 88
0 0 0 0 40 89
0 0 0 0 41 45
0 0 0 0 41 46
0 0 0 0 41 47
0 0 0 0 41 48
0 0 0 0 41 49
0 0 0 0 41 50
0 0 0 0 41 51
0 0 0 0 41 52
0 0 0 0 41 87
0 0 0 0 41 88
0 0 0 0 41 89
0 0 0 0 42 45
0 0 0 0 42 46
0 0 0 0 42 47
0 0 0 0 42 48
0 0 0 0 42 49
0 0 0 0 42 50
0 0 0 0 42 51
0 0 0 0 42 52
0 0 0 0 42 86
0 0 0 0 42 87
0 0 0 0 42 88
0 0 0 0 42 89
0 0 0 0 43 45
0 0 0 0 43 46
0 0 0 0 43 47
0 0 0 0 43 48
0 0 0 0 43 49
0 0 0 0 43 50
0 0 0 0 43 51
0 0 0 0 43 52
0 0 0 0 43 75
0 0 0 0 43 76
0 0 0 0 43 77
0 0 0 0 43 78
0 0 0 0 43 79
0 0 0 0 43 80
0 0 0 0 43 81
0 0 0 0 43 82
0 0 0 0 43 83
0 0 0 0 43 84
0 0 0 0 43 85
0 0 0 0 43 86
0 0 0 0 43 87
0 0 0 0 43 88
0 0 0 0 43 89
0 0 0 0 44 45
0 0 0 0 44 46
0 0 0 0 44 47
0 0 0 0 44 48
0 0 0 0 44 49
0 0 0 0 44 50
0 0 0 0 44 51
0 0 0 0 44 52
0 0 0 0 44 63
0 0 0 0 44 64
0 0 0 0 44 65
0 0 0 0 44 66
0 0 0 0 44 67
0 0 0 0 44 68
0 0 0 0 44 69
0 0 0 0 44 70
0 0 0 0 44 71
0 0 0 0 44 72
0 0 0 0 44 73
0 0 0 0 44 74
0 0 0 0 44 75
0 0 0 0 44 76
0 0 0 0 44 77
0 0 0 0 44 78
0 0 0 0 44 79
0 0 0 0 44 80
0 0 0 0 44 81
0 0 0 0 44 82
0 0 0 0 44 83
0 0 0 0 44 84
0 0 0 0 44 85
0 0 0 0 44 86
0 0 0 0 44 87
0 0 0 0 44 88
0 0 0 0 44 89
drawing Go at 45 45
=====================
0 0 0 0 45 45
0 0 0 0 45 46
0 0 0 0 45 47
0 0 0 0 45 48
0 0 0 0 45 49
0 0 0 0 45 50
0 0 0 0 45 51
0 0 0 0 45 52
0 0 0 0 45 53
0 0 0 0 45 54
0 0 0 0 45 55
0 0 0 0 45 56
0 0 0 0 45 57
0 0 0 0 45 58
0 0 0 0 45 59
0 0 0 0 45 60
0 0 0 0 45 61
0 0 0 0 45 62
0 0 0 0 45 63
0 0 0 0 45 64
0 0 0 0 45 67
0 0 0 0 45 68
0 0 0 0 45 69
0 0 0 0 45 70
0 0 0 0 45 71
0 0 0 0 45 72
0 0 0 0 45 73
0 0 0 0 45 74
0 0 0 0 45 75
0 0 0 0 45 76
0 0 0 0 45 77
0 0 0 0 45 78
0 0 0 0 45 79
0 0 0 0 45 80
0 0 0 0 45 81
0 0 0 0 45 82
0 0 0 0 45 83
0 0 0 0 45 84
0 0 0 0 45 85
0 0 0 0 45 86
0 0 0 0 45 87
0 0 0 0 45 88
0 0 0 0 45 89
0 0 0 0 46 45
0 0 0 0 46 46
0 0 0 0 46 47
0 0 0 0 46 48
0 0 0 0 46 49
0 0 0 0 46 50
0 0 0 0 46 51
0 0 0 0 46 52
0 0 0 0 46 53
0 0 0 0 46 54
0 0 0 0 46 55
0 0 0 0 46 56
0 0 0 0 46 57
0 0 0 0 46 58
0 0 0 0 46 59
0 0 0 0 46 60
0 0 0 0 46 61
0 0 0 0 46 62
0 0 0 0 46 63
0 0 0 0 46 64
0 0 0 0 46 67
0 0 0 0 46 68
0 0 0 0 46 69
0 0 0 0 46 70
0 0 0 0 46 71
0 0 0 0 46 72
0 0 0 0 46 73
0 0 0 0 46 74
0 0 0 0 46 75
0 0 0 0 46 76
0 0 0 0 46 77
0 0 0 0 46 78
0 0 0 0 46 79
0 0 0 0 46 80
0 0 0 0 46 81
0 0 0 0 46 82
0 0 0 0 46 83
0 0 0 0 46 84
0 0 0 0 46 85
0 0 0 0 46 86
0 0 0 0 46 87
0 0 0 0 46 88
0 0 0 0 46 89
0 0 0 0 47 45
0 0 0 0 47 46
0 0 0 0 47 47
0 0 0 0 47 48
0 0 0 0 47 49
0 0 0 0 47 50
0 0 0 0 47 51
0 0 0 0 47 52
0 0 0 0 47 53
0 0 0 0 47 54
0 0 0 0 47 55
0 0 0 0 47 56
0 0 0 0 47 57
0 0 0 0 47 58
0 0 0 0 47 59
0 0 0 0 47 60
0 0 0 0 47 61
0 0 0 0 47 62
0 0 0 0 47 63
0 0 0 0 47 64
0 0 0 0 47 67
0 0 0 0 47 68
0 0 0 0 47 69
0 0 0 0 47 70
0 0 0 0 47 71
0 0 0 0 47 72
0 0 0 0 47 73
0 0 0 0 47 74
0 0 0 0 47 75
0 0 0 0 47 76
0 0 0 0 47 77
0 0 0 0 47 78
0 0 0 0 47 79
0 0 0 0 47 80
0 0 0 0 47 81
0 0 0 0 47 82
0 0 0 0 47 83
0 0 0 0 47 84
0 0 0 0 47 85
0 0 0 0 47 86
0 0 0 0 47 87
0 0 0 0 47 88
0 0 0 0 47 89
0 0 0 0 48 45
0 0 0 0 48 46
0 0 0 0 48 47
0 0 0 0 48 48
0 0 0 0 48 49
0 0 0 0 48 50
0 0 0 0 48 51
0 0 0 0 48 52
0 0 0 0 48 53
0 0 0 0 48 54
0 0 0 0 48 55
0 0 0 0 48 56
0 0 0 0 48 57
0 0 0 0 48 58
0 0 0 0 48 59
0 0 0 0 48 60
0 0 0 0 48 61
0 0 0 0 48 62
0 0 0 0 48 67
0 0 0 0 48 68
0 0 0 0 48 69
0 0 0 0 48 70
0 0 0 0 48 71
0 0 0 0 48 72
0 0 0 0 48 73
0 0 0 0 48 74
0 0 0 0 48 75
0 0 0 0 48 76
0 0 0 0 48 77
0 0 0 0 48 78
0 0 0 0 48 79
0 0 0 0 48 80
0 0 0 0 48 81
0 0 0 0 48 82
0 0 0 0 48 83
0 0 0 0 48 84
0 0 0 0 48 85
0 0 0 0 48 86
0 0 0 0 48 87
0 0 0 0 48 88
0 0 0 0 48 89
0 0 0 0 49 45
0 0 0 0 49 46
0 0 0 0 49 47
0 0 0 0 49 48
0 0 0 0 49 49
0 0 0 0 49 50
0 0 0 0 49 51
0 0 0 0 49 52
0 0 0 0 49 53
0 0 0 0 49 54
0 0 0 0 49 55
0 0 0 0 49 56
0 0 0 0 49 57
0 0 0 0 49 58
0 0 0 0 49 59
0 0 0 0 49 60
0 0 0 0 49 61
0 0 0 0 49 62
0 0 0 0 49 67
0 0 0 0 49 68
0 0 0 0 49 69
0 0 0 0 49 70
0 0 0 0 49 71
0 0 0 0 49 72
0 0 0 0 49 73
0 0 0 0 49 74
0 0 0 0 49 75
0 0 0 0 49 76
0 0 0 0 49 77
0 0 0 0 49 78
0 0 0 0 49 79
0 0 0 0 49 80
0 0 0 0 49 81
0 0 0 0 49 82
0 0 0 0 49 83
0 0 0 0 49 84
0 0 0 0 49 85
0 0 0 0 49 86
0 0 0 0 49 87
0 0 0 0 49 88
0 0 0 0 49 89
0 0 0 0 50 45
0 0 0 0 50 46
0 0 0 0 50 47
0 0 0 0 50 48
0 0 0 0 50 49
0 0 0 0 50 50
0 0 0 0 50 51
0 0 0 0 50 52
0 0 0 0 50 53
0 0 0 0 50 54
0 0 0 0 50 55
0 0 0 0 50 56
0 0 0 0 50 57
0 0 0 0 50 58
0 0 0 0 50 59
0 0 0 0 50 60
0 0 0 0 50 61
0 0 0 0 50 62
0 0 0 0 50 69
0 0 0 0 50 70
0 0 0 0 50 71
0 0 0 0 50 72
0 0 0 0 50 73
0 0 0 0 50 74
0 0 0 0 50 75
0 0 0 0 50 76
0 0 0 0 50 77
0 0 0 0 50 78
0 0 0 0 50 79
0 0 0 0 50 80
0 0 0 0 50 81
0 0 0 0 50 82
0 0 0 0 50 83
0 0 0 0 50 84
0 0 0 0 50 85
0 0 0 0 50 86
0 0 0 0 50 87
0 0 0 0 50 88
0 0 0 0 50 89
0 0 0 0 51 45
0 0 0 0 51 46
0 0 0 0 51 47
0 0 0 0 51 48
0 0 0 0 51 49
0 0 0 0 51 50
0 0 0 0 51 51
0 0 0 0 51 52
0 0 0 0 51 53
0 0 0 0 51 54
0 0 0 0 51 55
0 0 0 0 51 56
0 0 0 0 51 57
0 0 0 0 51 58
0 0 0 0 51 59
0 0 0 0 51 60
0 0 0 0 51 61
0 0 0 0 51 62
0 0 0 0 51 69
0 0 0 0 51 70
0 0 0 0 51 71
0 0 0 0 51 72
0 0 0 0 51 73
0 0 0 0 51 74
0 0 0 0 51 75
0 0 0 0 51 76
0 0 0 0 51 77
0 0 0 0 51 78
0 0 0 0 51 79
0 0 0 0 51 80
0 0 0 0 51 81
0 0 0 0 51 82
0 0 0 0 51 83
0 0 0 0 51 84
0 0 0 0 51 85
0 0 0 0 51 86
0 0 0 0 51 87
0 0 0 0 51 88
0 0 0 0 51 89
0 0 0 0 52 45
0 0 0 0 52 46
0 0 0 0 52 47
0 0 0 0 52 48
0 0 0 0 52 49
0 0 0 0 52 50
0 0 0 0 52 51
0 0 0 0 52 52
0 0 0 0 52 53
0 0 0 0 52 54
0 0 0 0 52 55
0 0 0 0 52 56
0 0 0 0 52 57
0 0 0 0 52 58
0 0 0 0 52 59
0 0 0 0 52 60
0 0 0 0 52 61
0 0 0 0 52 62
0 0 0 0 52 69
0 0 0 0 52 70
0 0 0 0 52 71
0 0 0 0 52 72
0 0 0 0 52 73
0 0 0 0 52 74
0 0 0 0 52 75
0 0 0 0 52 76
0 0 0 0 52 77
0 0 0 0 52 78
0 0 0 0 52 79
0 0 0 0 52 80
0 0 0 0 52 81
0 0 0 0 52 82
0 0 0 0 52 83
0 0 0 0 52 84
0 0 0 0 52 85
0 0 0 0 52 86
0 0 0 0 52 87
0 0 0 0 52 88
0 0 0 0 52 89
0 0 0 0 53 45
0 0 0 0 53 46
0 0 0 0 53 47
0 0 0 0 53 48
0 0 0 0 53 49
0 0 0 0 53 50
0 0 0 0 53 51
0 0 0 0 53 52
0 0 0 0 53 53
0 0 0 0 53 54
0 0 0 0 53 55
0 0 0 0 53 56
0 0 0 0 53 57
0 0 0 0 53 58
0 0 0 0 53 59
0 0 0 0 53 60
0 0 0 0 53 61
0 0 0 0 53 62
0 0 0 0 53 69
0 0 0 0 53 70
0 0 0 0 53 71
0 0 0 0 53 72
0 0 0 0 53 73
0 0 0 0 53 74
0 0 0 0 53 75
0 0 0 0 53 76
0 0 0 0 53 77
0 0 0 0 53 78
0 0 0 0 53 79
0 0 0 0 53 80
0 0 0 0 53 81
0 0 0 0 53 82
0 0 0 0 53 83
0 0 0 0 53 84
0 0 0 0 53 85
0 0 0 0 53 86
0 0 0 0 53 87
0 0 0 0 53 88
0 0 0 0 53 89
0 0 0 0 54 45
0 0 0 0 54 46
0 0 0 0 54 47
0 0 0 0 54 48
0 0 0 0 54 49
0 0 0 0 54 50
0 0 0 0 54 51
0 0 0 0 54 52
0 0 0 0 54 53
0 0 0 0 54 54
0 0 0 0 54 55
0 0 0 0 54 56
0 0 0 0 54 57
0 0 0 0 54 58
0 0 0 0 54 59
0 0 0 0 54 60
0 0 0 0 54 61
0 0 0 0 54 62
0 0 0 0 54 69
0 0 0 0 54 70
0 0 0 0 54 71
0 0 0 0 54 72
0 0 0 0 54 73
0 0 0 0 54 74
0 0 0 0 54 75
0 0 0 0 54 76
0 0 0 0 54 77
0 0 0 0 54 78
0 0 0 0 54 79
0 0 0 0 54 80
0 0 0 0 54 81
0 0 0 0 54 82
0 0 0 0 54 83
0 0 0 0 54 84
0 0 0 0 54 85
0 0 0 0 54 86
0 0 0 0 54 87
0 0 0 0 54 88
0 0 0 0 54 89
0 0 0 0 55 45
0 0 0 0 55 46
0 0 0 0 55 47
0 0 0 0 55 48
0 0 0 0 55 49
0 0 0 0 55 50
0 0 0 0 55 51
0 0 0 0 55 52
0 0 0 0 55 53
0 0 0 0 55 54
0 0 0 0 55 55
0 0 0 0 55 56
0 0 0 0 55 57
0 0 0 0 55 58
0 0 0 0 55 59
0 0 0 0 55 60
0 0 0 0 55 61
0 0 0 0 55 62
0 0 0 0 55 69
0 0 0 0 55 70
0 0 0 0 55 71
0 0 0 0 55 72
0 0 0 0 55 73
0 0 0 0 55 74
0 0 0 0 55 75
0 0 0 0 55 76
0 0 0 0 55 77
0 0 0 0 55 78
0 0 0 0 55 79
0 0 0 0 55 80
0 0 0 0 55 81
0 0 0 0 55 82
0 0 0 0 55 83
0 0 0 0 55 84
0 0 0 0 55 85
0 0 0 0 55 86
0 0 0 0 55 87
0 0 0 0 55 88
0 0 0 0 55 89
0 0 0 0 56 45
0 0 0 0 56 46
0 0 0 0 56 47
0 0 0 0 56 48
0 0 0 0 56 49
0 0 0 0 56 50
0 0 0 0 56 51
0 0 0 0 56 52
0 0 0 0 56 53
0 0 0 0 56 54
0 0 0 0 56 55
0 0 0 0 56 56
0 0 0 0 56 57
0 0 0 0 56 58
0 0 0 0 56 59
0 0 0 0 56 60
0 0 0 0 56 61
0 0 0 0 56 62
0 0 0 0 56 65
0 0 0 0 56 66
0 0 0 0 56 67
0 0 0 0 56 69
0 0 0 0 56 70
0 0 0 0 56 71
0 0 0 0 56 72
0 0 0 0 56 73
0 0 0 0 56 74
0 0 0 0 56 75
0 0 0 0 56 76
0 0 0 0 56 77
0 0 0 0 56 78
0 0 0 0 56 79
0 0 0 0 56 80
0 0 0 0 56 81
0 0 0 0 56 82
0 0 0 0 56 83
0 0 0 0 56 84
0 0 0 0 56 85
0 0 0 0 56 86
0 0 0 0 56 87
0 0 0 0 56 88
0 0 0 0 56 89
0 0 0 0 57 45
0 0 0 0 57 46
0 0 0 0 57 47
0 0 0 0 57 48
0 0 0 0 57 49
0 0 0 0 57 50
0 0 0 0 57 51
0 0 0 0 57 52
0 0 0 0 57 53
0 0 0 0 57 54
0 0 0 0 57 55
0 0 0 0 57 56
0 0 0 0 57 57
0 0 0 0 57 58
0 0 0 0 57 59
0 0 0 0 57 60
0 0 0 0 57 61
0 0 0 0 57 62
0 0 0 0 57 73
0 0 0 0 57 74
0 0 0 0 57 75
0 0 0 0 57 76
0 0 0 0 57 77
0 0 0 0 57 78
0 0 0 0 57 79
0 0 0 0 57 80
0 0 0 0 57 81
0 0 0 0 57 82
0 0 0 0 57 83
0 0 0 0 57 84
0 0 0 0 57 85
0 0 0 0 57 86
0 0 0 0 57 87
0 0 0 0 57 88
0 0 0 0 57 89
0 0 0 0 58 45
0 0 0 0 58 46
0 0 0 0 58 47
0 0 0 0 58 48
0 0 0 0 58 49
0 0 0 0 58 50
0 0 0 0 58 51
0 0 0 0 58 52
0 0 0 0 58 53
0 0 0 0 58 54
0 0 0 0 58 55
0 0 0 0 58 56
0 0 0 0 58 57
0 0 0 0 58 58
0 0 0 0 58 59
0 0 0 0 58 60
0 0 0 0 58 61
0 0 0 0 58 62
0 0 0 0 58 74
0 0 0 0 58 75
0 0 0 0 58 76
0 0 0 0 58 77
0 0 0 0 58 78
0 0 0 0 58 79
0 0 0 0 58 80
0 0 0 0 58 81
0 0 0 0 58 82
0 0 0 0 58 83
0 0 0 0 58 84
0 0 0 0 58 85
0 0 0 0 58 86
0 0 0 0 58 87
0 0 0 0 58 88
0 0 0 0 58 89
0 0 0 0 59 45
0 0 0 0 59 46
0 0 0 0 59 47
0 0 0 0 59 48
0 0 0 0 59 49
0 0 0 0 59 50
0 0 0 0 59 51
0 0 0 0 59 52
0 0 0 0 59 53
0 0 0 0 59 54
0 0 0 0 59 55
0 0 0 0 59 56
0 0 0 0 59 57
0 0 0 0 59 58
0 0 0 0 59 59
0 0 0 0 59 60
0 0 0 0 59 75
0 0 0 0 59 76
0 0 0 0 59 77
0 0 0 0 59 78
0 0 0 0 59 79
0 0 0 0 59 80
0 0 0 0 59 81
0 0 0 0 59 82
0 0 0 0 59 83
0 0 0 0 59 84
0 0 0 0 59 85
0 0 0 0 59 86
0 0 0 0 59 87
0 0 0 0 59 88
0 0 0 0 59 89
0 0 0 0 60 45
0 0 0 0 60 46
0 0 0 0 60 47
0 0 0 0 60 48
0 0 0 0 60 49
0 0 0 0 60 50
0 0 0 0 60 51
0 0 0 0 60 52
0 0 0 0 60 53
0 0 0 0 60 54
0 0 0 0 60 55
0 0 0 0 60 56
0 0 0 0 60 57
0 0 0 0 60 58
0 0 0 0 60 59
0 0 0 0 60 60
0 0 0 0 60 75
0 0 0 0 60 76
0 0 0 0 60 77
0 0 0 0 60 78
0 0 0 0 60 79
0 0 0 0 60 80
0 0 0 0 60 81
0 0 0 0 60 82
0 0 0 0 60 83
0 0 0 0 60 84
0 0 0 0 60 85
0 0 0 0 60 86
0 0 0 0 60 87
0 0 0 0 60 88
0 0 0 0 60 89
0 0 0 0 61 45
0 0 0 0 61 46
0 0 0 0 61 47
0 0 0 0 61 48
0 0 0 0 61 49
0 0 0 0 61 50
0 0 0 0 61 51
0 0 0 0 61 52
0 0 0 0 61 53
0 0 0 0 61 54
0 0 0 0 61 55
0 0 0 0 61 56
0 0 0 0 61 57
0 0 0 0 61 58
0 0 0 0 61 59
0 0 0 0 61 76
0 0 0 0 61 77
0 0 0 0 61 78
0 0 0 0 61 79
0 0 0 0 61 80
0 0 0 0 61 81
0 0 0 0 61 82
0 0 0 0 61 83
0 0 0 0 61 84
0 0 0 0 61 85
0 0 0 0 61 86
0 0 0 0 61 87
0 0 0 0 61 88
0 0 0 0 61 89
0 0 0 0 62 45
0 0 0 0 62 46
0 0 0 0 62 47
0 0 0 0 62 48
0 0 0 0 62 49
0 0 0 0 62 50
0 0 0 0 62 51
0 0 0 0 62 52
0 0 0 0 62 53
0 0 0 0 62 54
0 0 0 0 62 55
0 0 0 0 62 56
0 0 0 0 62 57
0 0 0 0 62 58
0 0 0 0 62 67
0 0 0 0 62 68
0 0 0 0 62 76
0 0 0 0 62 77
0 0 0 0 62 78
0 0 0 0 62 79
0 0 0 0 62 80
0 0 0 0 62 81
0 0 0 0 62 82
0 0 0 0 62 83
0 0 0 0 62 84
0 0 0 0 62 85
0 0 0 0 62 86
0 0 0 0 62 87
0 0 0 0 62 88
0 0 0 0 62 89
0 0 0 0 63 45
0 0 0 0 63 46
0 0 0 0 63 47
0 0 0 0 63 48
0 0 0 0 63 49
0 0 0 0 63 50
0 0 0 0 63 51
0 0 0 0 63 52
0 0 0 0 63 53
0 0 0 0 63 54
0 0 0 0 63 55
0 0 0 0 63 56
0 0 0 0 63 57
0 0 0 0 63 58
0 0 0 0 63 65
0 0 0 0 63 66
0 0 0 0 63 67
0 0 0 0 63 68
0 0 0 0 63 69
0 0 0 0 63 76
0 0 0 0 63 77
0 0 0 0 63 78
0 0 0 0 63 79
0 0 0 0 63 80
0 0 0 0 63 81
0 0 0 0 63 82
0 0 0 0 63 83
0 0 0 0 63 84
0 0 0 0 63 85
0 0 0 0 63 86
0 0 0 0 63 87
0 0 0 0 63 88
0 0 0 0 63 89
0 0 0 0 64 45
0 0 0 0 64 46
0 0 0 0 64 47
0 0 0 0 64 48
0 0 0 0 64 49
0 0 0 0 64 50
0 0 0 0 64 51
0 0 0 0 64 52
0 0 0 0 64 53
0 0 0 0 64 54
0 0 0 0 64 55
0 0 0 0 64 56
0 0 0 0 64 57
0 0 0 0 64 58
0 0 0 0 64 64
0 0 0 0 64 65
0 0 0 0 64 66
0 0 0 0 64 70
0 0 0 0 64 76
0 0 0 0 64 77
0 0 0 0 64 78
0 0 0 0 64 79
0 0 0 0 64 80
0 0 0 0 64 81
0 0 0 0 64 82
0 0 0 0 64 83
0 0 0 0 64 84
0 0 0 0 64 85
0 0 0 0 64 86
0 0 0 0 64 87
0 0 0 0 64 88
0 0 0 0 64 89
0 0 0 0 65 45
0 0 0 0 65 46
0 0 0 0 65 47
0 0 0 0 65 48
0 0 0 0 65 49
0 0 0 0 65 50
0 0 0 0 65 51
0 0 0 0 65 52
0 0 0 0 65 53
0 0 0 0 65 54
0 0 0 0 65 55
0 0 0 0 65 56
0 0 0 0 65 57
0 0 0 0 65 58
0 0 0 0 65 64
0 0 0 0 65 70
0 0 0 0 65 76
0 0 0 0 65 77
0 0 0 0 65 78
0 0 0 0 65 79
0 0 0 0 65 80
0 0 0 0 65 81
0 0 0 0 65 82
0 0 0 0 65 83
0 0 0 0 65 84
0 0 0 0 65 85
0 0 0 0 65 86
0 0 0 0 65 87
0 0 0 0 65 88
0 0 0 0 65 89
0 0 0 0 66 45
0 0 0 0 66 46
0 0 0 0 66 47
0 0 0 0 66 48
0 0 0 0 66 49
0 0 0 0 66 50
0 0 0 0 66 51
0 0 0 0 66 52
0 0 0 0 66 53
0 0 0 0 66 54
0 0 0 0 66 55
0 0 0 0 66 56
0 0 0 0 66 57
0 0 0 0 66 58
0 0 0 0 66 64
0 0 0 0 66 70
0 0 0 0 66 76
0 0 0 0 66 77
0 0 0 0 66 78
0 0 0 0 66 79
0 0 0 0 66 80
0 0 0 0 66 81
0 0 0 0 66 82
0 0 0 0 66 83
0 0 0 0 66 84
0 0 0 0 66 85
0 0 0 0 66 86
0 0 0 0 66 87
0 0 0 0 66 88
0 0 0 0 66 89
0 0 0 0 67 45
0 0 0 0 67 46
0 0 0 0 67 47
0 0 0 0 67 48
0 0 0 0 67 49
0 0 0 0 67 50
0 0 0 0 67 51
0 0 0 0 67 52
0 0 0 0 67 53
0 0 0 0 67 54
0 0 0 0 67 55
0 0 0 0 67 56
0 0 0 0 67 57
0 0 0 0 67 58
0 0 0 0 67 64
0 0 0 0 67 76
0 0 0 0 67 77
0 0 0 0 67 78
0 0 0 0 67 79
0 0 0 0 67 80
0 0 0 0 67 81
0 0 0 0 67 82
0 0 0 0 67 83
0 0 0 0 67 84
0 0 0 0 67 85
0 0 0 0 67 86
0 0 0 0 67 87
0 0 0 0 67 88
0 0 0 0 67 89
0 0 0 0 68 45
0 0 0 0 68 46
0 0 0 0 68 47
0 0 0 0 68 48
0 0 0 0 68 49
0 0 0 0 68 50
0 0 0 0 68 51
0 0 0 0 68 52
0 0 0 0 68 53
0 0 0 0 68 54
0 0 0 0 68 55
0 0 0 0 68 56
0 0 0 0 68 57
0 0 0 0 68 58
0 0 0 0 68 76
0 0 0 0 68 77
0 0 0 0 68 78
0 0 0 0 68 79
0 0 0 0 68 80
0 0 0 0 68 81
0 0 0 0 68 82
0 0 0 0 68 83
0 0 0 0 68 84
0 0 0 0 68 85
0 0 0 0 68 86
0 0 0 0 68 87
0 0 0 0 68 88
0 0 0 0 68 89
0 0 0 0 69 45
0 0 0 0 69 46
0 0 0 0 69 47
0 0 0 0 69 48
0 0 0 0 69 49
0 0 0 0 69 50
0 0 0 0 69 51
0 0 0 0 69 52
0 0 0 0 69 53
0 0 0 0 69 54
0 0 0 0 69 55
0 0 0 0 69 56
0 0 0 0 69 57
0 0 0 0 69 58
0 0 0 0 69 75
0 0 0 0 69 76
0 0 0 0 69 77
0 0 0 0 69 78
0 0 0 0 69 79
0 0 0 0 69 80
0 0 0 0 69 81
0 0 0 0 69 82
0 0 0 0 69 83
0 0 0 0 69 84
0 0 0 0 69 85
0 0 0 0 69 86
0 0 0 0 69 87
0 0 0 0 69 88
0 0 0 0 69 89
0 0 0 0 70 45
0 0 0 0 70 46
0 0 0 0 70 47
0 0 0 0 70 48
0 0 0 0 70 49
0 0 0 0 70 50
0 0 0 0 70 51
0 0 0 0 70 52
0 0 0 0 70 53
0 0 0 0 70 54
0 0 0 0 70 55
0 0 0 0 70 56
0 0 0 0 70 57
0 0 0 0 70 58
0 0 0 0 70 74
0 0 0 0 70 75
0 0 0 0 70 76
0 0 0 0 70 77
0 0 0 0 70 78
0 0 0 0 70 79
0 0 0 0 70 80
0 0 0 0 70 81
0 0 0 0 70 82
0 0 0 0 70 83
0 0 0 0 70 84
0 0 0 0 70 85
0 0 0 0 70 86
0 0 0 0 70 87
0 0 0 0 70 88
0 0 0 0 70 89
0 0 0 0 71 45
0 0 0 0 71 46
0 0 0 0 71 47
0 0 0 0 71 48
0 0 0 0 71 49
0 0 0 0 71 50
0 0 0 0 71 51
0 0 0 0 71 52
0 0 0 0 71 53
0 0 0 0 71 54
0 0 0 0 71 55
0 0 0 0 71 56
0 0 0 0 71 57
0 0 0 0 71 58
0 0 0 0 71 59
0 0 0 0 71 73
0 0 0 0 71 74
0 0 0 0 71 75
0 0 0 0 71 76
0 0 0 0 71 77
0 0 0 0 71 78
0 0 0 0 71 79
0 0 0 0 71 80
0 0 0 0 71 81
0 0 0 0 71 82
0 0 0 0 71 83
0 0 0 0 71 84
0 0 0 0 71 85
0 0 0 0 71 86
0 0 0 0 71 87
0 0 0 0 71 88
0 0 0 0 71 89
0 0 0 0 72 45
0 0 0 0 72 46
0 0 0 0 72 47
0 0 0 0 72 48
0 0 0 0 72 49
0 0 0 0 72 50
0 0 0 0 72 51
0 0 0 0 72 52
0 0 0 0 72 53
0 0 0 0 72 54
0 0 0 0 72 55
0 0 0 0 72 56
0 0 0 0 72 57
0 0 0 0 72 58
0 0 0 0 72 59
0 0 0 0 72 60
0 0 0 0 72 72
0 0 0 0 72 73
0 0 0 0 72 74
0 0 0 0 72 75
0 0 0 0 72 76
0 0 0 0 72 77
0 0 0 0 72 78
0 0 0 0 72 79
0 0 0 0 72 80
0 0 0 0 72 81
0 0 0 0 72 82
0 0 0 0 72 83
0 0 0 0 72 84
0 0 0 0 72 85
0 0 0 0 72 86
0 0 0 0 72 87
0 0 0 0 72 88
0 0 0 0 72 89
0 0 0 0 73 45
0 0 0 0 73 46
0 0 0 0 73 47
0 0 0 0 73 48
0 0 0 0 73 49
0 0 0 0 73 50
0 0 0 0 73 51
0 0 0 0 73 52
0 0 0 0 73 53
0 0 0 0 73 54
0 0 0 0 73 55
0 0 0 0 73 56
0 0 0 0 73 57
0 0 0 0 73 58
0 0 0 0 73 59
0 0 0 0 73 60
0 0 0 0 73 61
0 0 0 0 73 73
0 0 0 0 73 74
0 0 0 0 73 75
0 0 0 0 73 76
0 0 0 0 73 77
0 0 0 0 73 78
0 0 0 0 73 79
0 0 0 0 73 80
0 0 0 0 73 81
0 0 0 0 73 82
0 0 0 0 73 83
0 0 0 0 73 84
0 0 0 0 73 85
0 0 0 0 73 86
0 0 0 0 73 87
0 0 0 0 73 88
0 0 0 0 73 89
0 0 0 0 74 45
0 0 0 0 74 46
0 0 0 0 74 47
0 0 0 0 74 48
0 0 0 0 74 49
0 0 0 0 74 50
0 0 0 0 74 51
0 0 0 0 74 52
0 0 0 0 74 53
0 0 0 0 74 54
0 0 0 0 74 55
0 0 0 0 74 56
0 0 0 0 74 57
0 0 0 0 74 58
0 0 0 0 74 59
0 0 0 0 74 60
0 0 0 0 74 61
0 0 0 0 74 74
0 0 0 0 74 75
0 0 0 0 74 76
0 0 0 0 74 77
0 0 0 0 74 78
0 0 0 0 74 79
0 0 0 0 74 80
0 0 0 0 74 81
0 0 0 0 74 82
0 0 0 0 74 83
0 0 0 0 74 84
0 0 0 0 74 85
0 0 0 0 74 86
0 0 0 0 74 87
0 0 0 0 74 88
0 0 0 0 74 89
0 0 0 0 75 45
0 0 0 0 75 46
0 0 0 0 75 47
0 0 0 0 75 48
0 0 0 0 75 49
0 0 0 0 75 50
0 0 0 0 75 51
0 0 0 0 75 52
0 0 0 0 75 53
0 0 0 0 75 54
0 0 0 0 75 55
0 0 0 0 75 56
0 0 0 0 75 57
0 0 0 0 75 58
0 0 0 0 75 59
0 0 0 0 75 60
0 0 0 0 75 75
0 0 0 0 75 76
0 0 0 0 75 77
0 0 0 0 75 78
0 0 0 0 75 79
0 0 0 0 75 80
0 0 0 0 75 81
0 0 0 0 75 82
0 0 0 0 75 83
0 0 0 0 75 84
0 0 0 0 75 85
0 0 0 0 75 86
0 0 0 0 75 87
0 0 0 0 75 88
0 0 0 0 75 89
0 0 0 0 76 45
0 0 0 0 76 46
0 0 0 0 76 47
0 0 0 0 76 48
0 0 0 0 76 49
0 0 0 0 76 50
0 0 0 0 76 51
0 0 0 0 76 52
0 0 0 0 76 53
0 0 0 0 76 54
0 0 0 0 76 55
0 0 0 0 76 56
0 0 0 0 76 57
0 0 0 0 76 58
0 0 0 0 76 59
0 0 0 0 76 76
0 0 0 0 76 77
0 0 0 0 76 78
0 0 0 0 76 79
0 0 0 0 76 80
0 0 0 0 76 81
0 0 0 0 76 82
0 0 0 0 76 83
0 0 0 0 76 84
0 0 0 0 76 85
0 0 0 0 76 86
0 0 0 0 76 87
0 0 0 0 76 88
0 0 0 0 76 89
0 0 0 0 77 45
0 0 0 0 77 46
0 0 0 0 77 47
0 0 0 0 77 48
0 0 0 0 77 49
0 0 0 0 77 50
0 0 0 0 77 51
0 0 0 0 77 52
0 0 0 0 77 53
0 0 0 0 77 54
0 0 0 0 77 55
0 0 0 0 77 56
0 0 0 0 77 57
0 0 0 0 77 58
0 0 0 0 77 59
0 0 0 0 77 76
0 0 0 0 77 77
0 0 0 0 77 78
0 0 0 0 77 79
0 0 0 0 77 80
0 0 0 0 77 81
0 0 0 0 77 82
0 0 0 0 77 83
0 0 0 0 77 84
0 0 0 0 77 85
0 0 0 0 77 86
0 0 0 0 77 87
0 0 0 0 77 88
0 0 0 0 77 89
0 0 0 0 78 45
0 0 0 0 78 46
0 0 0 0 78 47
0 0 0 0 78 48
0 0 0 0 78 49
0 0 0 0 78 50
0 0 0 0 78 51
0 0 0 0 78 52
0 0 0 0 78 53
0 0 0 0 78 54
0 0 0 0 78 55
0 0 0 0 78 56
0 0 0 0 78 57
0 0 0 0 78 58
0 0 0 0 78 66
0 0 0 0 78 67
0 0 0 0 78 68
0 0 0 0 78 69
0 0 0 0 78 76
0 0 0 0 78 77
0 0 0 0 78 78
0 0 0 0 78 79
0 0 0 0 78 80
0 0 0 0 78 81
0 0 0 0 78 82
0 0 0 0 78 83
0 0 0 0 78 84
0 0 0 0 78 85
0 0 0 0 78 86
0 0 0 0 78 87
0 0 0 0 78 88
0 0 0 0 78 89
0 0 0 0 79 45
0 0 0 0 79 46
0 0 0 0 79 47
0 0 0 0 79 48
0 0 0 0 79 49
0 0 0 0 79 50
0 0 0 0 79 51
0 0 0 0 79 52
0 0 0 0 79 53
0 0 0 0 79 54
0 0 0 0 79 55
0 0 0 0 79 56
0 0 0 0 79 57
0 0 0 0 79 58
0 0 0 0 79 65
0 0 0 0 79 66
0 0 0 0 79 67
0 0 0 0 79 68
0 0 0 0 79 69
0 0 0 0 79 70
0 0 0 0 79 76
0 0 0 0 79 77
0 0 0 0 79 78
0 0 0 0 79 79
0 0 0 0 79 80
0 0 0 0 79 81
0 0 0 0 79 82
0 0 0 0 79 83
0 0 0 0 79 84
0 0 0 0 79 85
0 0 0 0 79 86
0 0 0 0 79 87
0 0 0 0 79 88
0 0 0 0 79 89
0 0 0 0 80 45
0 0 0 0 80 46
0 0 0 0 80 47
0 0 0 0 80 48
0 0 0 0 80 49
0 0 0 0 80 50
0 0 0 0 80 51
0 0 0 0 80 52
0 0 0 0 80 53
0 0 0 0 80 54
0 0 0 0 80 55
0 0 0 0 80 56
0 0 0 0 80 57
0 0 0 0 80 58
0 0 0 0 80 64
0 0 0 0 80 65
0 0 0 0 80 66
0 0 0 0 80 67
0 0 0 0 80 68
0 0 0 0 80 69
0 0 0 0 80 70
0 0 0 0 80 76
0 0 0 0 80 77
0 0 0 0 80 78
0 0 0 0 80 79
0 0 0 0 80 80
0 0 0 0 80 81
0 0 0 0 80 82
0 0 0 0 80 83
0 0 0 0 80 84
0 0 0 0 80 85
0 0 0 0 80 86
0 0 0 0 80 87
0 0 0 0 80 88
0 0 0 0 80 89
0 0 0 0 81 45
0 0 0 0 81 46
0 0 0 0 81 47
0 0 0 0 81 48
0 0 0 0 81 49
0 0 0 0 81 50
0 0 0 0 81 51
0 0 0 0 81 52
0 0 0 0 81 53
0 0 0 0 81 54
0 0 0 0 81 55
0 0 0 0 81 56
0 0 0 0 81 57
0 0 0 0 81 58
0 0 0 0 81 64
0 0 0 0 81 65
0 0 0 0 81 66
0 0 0 0 81 67
0 0 0 0 81 68
0 0 0 0 81 69
0 0 0 0 81 70
0 0 0 0 81 76
0 0 0 0 81 77
0 0 0 0 81 78
0 0 0 0 81 79
0 0 0 0 81 80
0 0 0 0 81 81
0 0 0 0 81 82
0 0 0 0 81 83
0 0 0 0 81 84
0 0 0 0 81 85
0 0 0 0 81 86
0 0 0 0 81 87
0 0 0 0 81 88
0 0 0 0 81 89
0 0 0 0 82 45
0 0 0 0 82 46
0 0 0 0 82 47
0 0 0 0 82 48
0 0 0 0 82 49
0 0 0 0 82 50
0 0 0 0 82 51
0 0 0 0 82 52
0 0 0 0 82 53
0 0 0 0 82 54
0 0 0 0 82 55
0 0 0 0 82 56
0 0 0 0 82 57
0 0 0 0 82 58
0 0 0 0 82 64
0 0 0 0 82 65
0 0 0 0 82 66
0 0 0 0 82 67
0 0 0 0 82 68
0 0 0 0 82 69
0 0 0 0 82 70
0 0 0 0 82 76
0 0 0 0 82 77
0 0 0 0 82 78
0 0 0 0 82 79
0 0 0 0 82 80
0 0 0 0 82 81
0 0 0 0 82 82
0 0 0 0 82 83
0 0 0 0 82 84
0 0 0 0 82 85
0 0 0 0 82 86
0 0 0 0 82 87
0 0 0 0 82 88
0 0 0 0 82 89
0 0 0 0 83 45
0 0 0 0 83 46
0 0 0 0 83 47
0 0 0 0 83 48
0 0 0 0 83 49
0 0 0 0 83 50
0 0 0 0 83 51
0 0 0 0 83 52
0 0 0 0 83 53
0 0 0 0 83 54
0 0 0 0 83 55
0 0 0 0 83 56
0 0 0 0 83 57
0 0 0 0 83 58
0 0 0 0 83 65
0 0 0 0 83 66
0 0 0 0 83 67
0 0 0 0 83 68
0 0 0 0 83 69
0 0 0 0 83 76
0 0 0 0 83 77
0 0 0 0 83 78
0 0 0 0 83 79
0 0 0 0 83 80
0 0 0 0 83 81
0 0 0 0 83 82
0 0 0 0 83 83
0 0 0 0 83 84
0 0 0 0 83 85
0 0 0 0 83 86
0 0 0 0 83 87
0 0 0 0 83 88
0 0 0 0 83 89
0 0 0 0 84 45
0 0 0 0 84 46
0 0 0 0 84 47
0 0 0 0 84 48
0 0 0 0 84 49
0 0 0 0 84 50
0 0 0 0 84 51
0 0 0 0 84 52
0 0 0 0 84 53
0 0 0 0 84 54
0 0 0 0 84 55
0 0 0 0 84 56
0 0 0 0 84 57
0 0 0 0 84 58
0 0 0 0 84 66
0 0 0 0 84 67
0 0 0 0 84 75
0 0 0 0 84 76
0 0 0 0 84 77
0 0 0 0 84 78
0 0 0 0 84 79
0 0 0 0 84 80
0 0 0 0 84 81
0 0 0 0 84 82
0 0 0 0 84 83
0 0 0 0 84 84
0 0 0 0 84 85
0 0 0 0 84 86
0 0 0 0 84 87
0 0 0 0 84 88
0 0 0 0 84 89
0 0 0 0 85 45
0 0 0 0 85 46
0 0 0 0 85 47
0 0 0 0 85 48
0 0 0 0 85 49
0 0 0 0 85 50
0 0 0 0 85 51
0 0 0 0 85 52
0 0 0 0 85 53
0 0 0 0 85 54
0 0 0 0 85 55
0 0 0 0 85 56
0 0 0 0 85 57
0 0 0 0 85 58
0 0 0 0 85 75
0 0 0 0 85 76
0 0 0 0 85 77
0 0 0 0 85 78
0 0 0 0 85 79
0 0 0 0 85 80
0 0 0 0 85 81
0 0 0 0 85 82
0 0 0 0 85 83
0 0 0 0 85 84
0 0 0 0 85 85
0 0 0 0 85 86
0 0 0 0 85 87
0 0 0 0 85 88
0 0 0 0 85 89
0 0 0 0 86 45
0 0 0 0 86 46
0 0 0 0 86 47
0 0 0 0 86 48
0 0 0 0 86 49
0 0 0 0 86 50
0 0 0 0 86 51
0 0 0 0 86 52
0 0 0 0 86 53
0 0 0 0 86 54
0 0 0 0 86 55
0 0 0 0 86 56
0 0 0 0 86 57
0 0 0 0 86 58
0 0 0 0 86 59
0 0 0 0 86 74
0 0 0 0 86 75
0 0 0 0 86 76
0 0 0 0 86 77
0 0 0 0 86 78
0 0 0 0 86 79
0 0 0 0 86 80
0 0 0 0 86 81
0 0 0 0 86 82
0 0 0 0 86 83
0 0 0 0 86 84
0 0 0 0 86 85
0 0 0 0 86 86
0 0 0 0 86 87
0 0 0 0 86 88
0 0 0 0 86 89
0 0 0 0 87 45
0 0 0 0 87 46
0 0 0 0 87 47
0 0 0 0 87 48
0 0 0 0 87 49
0 0 0 0 87 50
0 0 0 0 87 51
0 0 0 0 87 52
0 0 0 0 87 53
0 0 0 0 87 54
0 0 0 0 87 55
0 0 0 0 87 56
0 0 0 0 87 57
0 0 0 0 87 58
0 0 0 0 87 59
0 0 0 0 87 73
0 0 0 0 87 74
0 0 0 0 87 75
0 0 0 0 87 76
0 0 0 0 87 77
0 0 0 0 87 78
0 0 0 0 87 79
0 0 0 0 87 80
0 0 0 0 87 81
0 0 0 0 87 82
0 0 0 0 87 83
0 0 0 0 87 84
0 0 0 0 87 85
0 0 0 0 87 86
0 0 0 0 87 87
0 0 0 0 87 88
0 0 0 0 87 89
0 0 0 0 88 45
0 0 0 0 88 46
0 0 0 0 88 47
0 0 0 0 88 48
0 0 0 0 88 49
0 0 0 0 88 50
0 0 0 0 88 51
0 0 0 0 88 52
0 0 0 0 88 53
0 0 0 0 88 54
0 0 0 0 88 55
0 0 0 0 88 56
0 0 0 0 88 57
0 0 0 0 88 58
0 0 0 0 88 59
0 0 0 0 88 60
0 0 0 0 88 72
0 0 0 0 88 73
0 0 0 0 88 74
0 0 0 0 88 75
0 0 0 0 88 76
0 0 0 0 88 77
0 0 0 0 88 78
0 0 0 0 88 79
0 0 0 0 88 80
0 0 0 0 88 81
0 0 0 0 88 82
0 0 0 0 88 83
0 0 0 0 88 84
0 0 0 0 88 85
0 0 0 0 88 86
0 0 0 0 88 87
0 0 0 0 88 88
0 0 0 0 88 89
0 0 0 0 89 45
0 0 0 0 89 46
0 0 0 0 89 47
0 0 0 0 89 48
0 0 0 0 89 49
0 0 0 0 89 50
0 0 0 0 89 51
0 0 0 0 89 52
0 0 0 0 89 53
0 0 0 0 89 54
0 0 0 0 89 55
0 0 0 0 89 56
0 0 0 0 89 57
0 0 0 0 89 58
0 0 0 0 89 59
0 0 0 0 89 60
0 0 0 0 89 61
0 0 0 0 89 62
0 0 0 0 89 71
0 0 0 0 89 72
0 0 0 0 89 73
0 0 0 0 89 74
0 0 0 0 89 75
0 0 0 0 89 76
0 0 0 0 89 77
0 0 0 0 89 78
0 0 0 0 89 79
0 0 0 0 89 80
0 0 0 0 89 81
0 0 0 0 89 82
0 0 0 0 89 83
0 0 0 0 89 84
0 0 0 0 89 85
0 0 0 0 89 86
0 0 0 0 89 87
0 0 0 0 89 88
0 0 0 0 89 89
